8391
853
1134 1162
511 1047
564 917
539 1105
496 834
551 1166
996 1151
436 855
687 887
659 746
1134 1151
549 999
632 1200
999 1129
1074 1089
881 899
1035 1098
862 949
649 1003
696 1025
795 915
689 730
992 1186
529 552
490 1059
1062 1074
1050 1054
642 905
967 1002
871 1175
1087 1143
654 773
706 1023
561 661
925 978
1113 1142
444 808
1132 1188
743 998
612 1075
615 956
507 705
421 1117
720 1132
520 703
1064 1138
978 1005
1073 1102
524 1047
612 1191
720 904
936 967
652 690
1063 1137
1102 1140
569 924
901 1061
993 1095
537 561
1005 1019
511 647
656 779
1063 1177
570 621
1009 1068
906 968
959 979
663 942
443 1036
604 1053
1121 1181
555 748
484 803
971 1130
798 1017
432 978
591 921
576 1161
469 1007
778 1127
872 1070
459 878
498 905
1054 1100
448 926
551 929
847 1078
917 1020
527 1022
765 921
772 893
1038 1142
761 1045
822 854
588 680
559 1031
1067 1138
437 875
548 944
913 960
655 682
810 930
941 969
1099 1145
443 1028
1048 1196
856 962
666 1012
1088 1132
1017 1147
1101 1181
516 791
455 752
479 737
889 1026
831 1090
1014 1076
1062 1074
1131 1135
735 749
940 987
750 1175
496 1065
567 574
558 858
1001 1195
569 661
1015 1131
1041 1154
1104 1176
608 680
953 1173
655 1192
724 884
1103 1112
743 1186
759 926
956 1142
812 1093
1072 1165
837 1034
725 809
643 1182
945 1088
530 1070
493 838
613 1048
548 927
987 1193
513 1151
806 1008
946 1042
998 1090
759 1095
1007 1027
735 1198
817 1172
1051 1097
664 730
794 1143
451 473
854 1059
576 1009
1116 1119
676 1081
439 677
875 921
504 556
782 991
741 1017
843 978
983 1055
594 1061
931 1113
1048 1192
721 1045
486 1163
975 1131
646 913
429 430
477 1165
681 906
706 777
576 1104
822 958
1128 1197
971 978
576 587
567 667
1139 1157
784 968
632 1130
664 772
730 842
698 1022
1013 1069
422 455
1076 1170
476 1134
947 1090
708 737
969 1053
953 993
487 1188
816 1066
701 900
760 805
700 940
735 947
1062 1106
702 945
646 702
733 852
1069 1166
551 744
898 899
1062 1175
771 963
825 1151
464 753
447 653
1091 1128
1050 1062
769 809
871 1098
959 1102
443 931
931 1114
513 866
534 1174
1044 1072
855 931
615 1162
524 735
635 733
438 935
623 778
568 846
727 1192
818 903
875 994
617 804
690 802
445 634
852 990
719 1077
1110 1198
688 1160
917 1007
554 896
949 967
589 966
632 726
625 911
645 738
777 1172
450 830
945 1130
541 630
673 1185
619 866
919 1166
837 850
526 588
454 801
983 1194
620 690
649 988
785 916
878 932
1073 1169
1062 1104
542 1120
629 822
478 839
429 1170
890 1179
615 1067
821 938
836 1039
555 966
463 807
894 1093
807 1030
508 1122
511 1177
1092 1150
1012 1049
849 1181
424 809
995 1110
897 953
526 713
606 652
1084 1101
792 1156
953 1171
487 1092
826 1070
640 877
584 801
557 720
472 568
464 1159
802 876
445 805
703 784
585 826
697 1045
858 976
977 980
978 1098
939 1010
445 899
690 752
856 1178
830 1172
630 806
1058 1074
1024 1187
855 934
1122 1163
1131 1163
420 529
1083 1138
727 1021
434 964
759 1006
1037 1086
531 670
489 615
667 938
641 1165
1086 1092
917 926
482 886
835 999
1027 1194
483 883
494 542
940 1069
752 755
1049 1151
484 816
982 1063
1081 1185
728 1128
705 964
830 847
438 669
591 821
528 786
911 1094
966 1132
1118 1140
848 924
747 966
689 897
1137 1150
545 1057
1114 1178
877 1059
653 916
979 1019
427 1159
582 1052
737 780
1120 1127
554 1080
474 701
1131 1146
739 1036
564 1156
473 540
550 1023
519 531
792 1183
859 1155
924 952
555 648
668 711
424 781
1015 1144
1097 1134
1089 1196
1073 1163
571 617
486 774
866 980
451 873
1004 1113
696 1103
1019 1053
1076 1196
499 871
762 1128
987 992
669 1198
776 1131
488 831
820 1109
682 685
1108 1148
538 1002
485 1185
879 1081
842 1142
823 1054
632 803
748 1045
1012 1172
523 749
439 921
1041 1169
703 951
969 983
736 1021
831 1097
711 911
859 1009
470 1116
702 885
956 1034
1046 1053
1064 1124
688 1090
941 1119
1098 1110
543 972
661 1008
564 1013
1071 1108
494 1061
1013 1152
704 833
623 1083
918 1200
764 774
651 1039
1039 1101
1068 1135
886 1154
446 528
915 992
841 989
595 1156
848 944
874 1006
1000 1083
1059 1061
465 1146
726 764
655 1037
1029 1129
673 777
585 589
531 993
648 733
1089 1181
534 550
1085 1176
475 939
933 1184
987 1190
901 983
479 701
937 1109
705 865
499 926
973 989
462 598
683 889
1017 1178
706 778
476 759
547 831
1007 1138
447 1114
873 1099
466 1054
872 1045
700 1005
917 1045
789 1118
553 1153
1101 1128
602 1063
685 1197
486 625
456 751
858 1015
493 851
491 608
724 910
468 535
886 1073
781 1185
470 812
689 1173
1023 1155
569 712
1038 1085
1040 1165
699 1158
597 973
724 983
632 839
772 1139
651 1169
848 1159
723 1049
1094 1146
491 1031
939 1101
1069 1178
1051 1187
813 861
563 627
450 1090
811 1043
542 1000
437 1078
659 981
803 840
1041 1118
520 645
542 859
532 589
1084 1185
905 1087
1086 1179
907 1000
1015 1153
1094 1106
1079 1171
537 735
782 790
791 1174
795 973
792 1036
1100 1140
455 1042
838 1027
841 1016
1140 1177
793 1123
468 505
668 1028
635 871
615 1061
534 583
497 776
707 947
760 896
578 793
1121 1154
604 868
503 611
566 748
1140 1187
914 1132
1104 1191
420 616
754 757
921 1120
1023 1135
768 1126
915 1085
1120 1186
1100 1176
913 1193
605 613
1013 1101
607 869
700 721
1043 1061
531 868
679 764
769 1045
752 936
1000 1132
537 766
487 776
1026 1069
1023 1190
1091 1186
1065 1100
435 961
1032 1159
1098 1144
615 1047
1055 1184
1109 1143
1061 1187
849 851
1128 1160
545 1093
931 1140
884 977
931 1011
728 1117
627 765
456 710
804 870
505 861
1101 1196
485 1200
1048 1078
854 1134
928 1167
996 1177
949 1048
470 925
591 745
526 1170
897 1044
757 1028
446 1168
668 1169
716 1163
774 966
952 1044
953 1013
550 637
1101 1121
902 1159
831 1147
1012 1179
1041 1175
562 1004
575 584
583 1174
1083 1199
515 812
821 1107
870 1097
469 898
482 1071
851 1012
693 879
794 954
675 919
975 1127
739 986
794 858
843 1032
915 976
848 993
999 1057
926 977
1132 1193
565 602
776 1159
612 1137
888 1059
1079 1114
998 1071
579 821
520 950
1064 1138
570 1086
1125 1180
706 880
616 1075
524 699
553 1042
659 830
873 982
462 866
659 825
965 1127
631 719
627 800
611 784
1017 1083
923 1156
1001 1044
682 1175
691 919
811 865
1056 1064
741 1138
758 777
667 1026
650 1100
731 916
1139 1199
884 1043
747 987
806 827
655 773
851 1117
556 915
842 1093
917 1053
425 531
872 883
1002 1192
788 985
452 706
507 1188
847 1059
421 481
651 672
444 988
1124 1149
595 1126
732 1087
670 914
886 1118
1009 1172
1098 1121
653 870
530 832
830 869
1129 1148
674 1159
459 986
1042 1090
495 969
527 910
433 796
1005 1051
550 874
593 1031
536 729
473 635
582 946
538 749
611 872
889 1022
956 1128
1007 1075
736 1068
1007 1126
938 977
893 1030
509 591
1038 1110
900 1122
661 770
648 914
1071 1174
616 1143
1109 1164
615 697
728 935
684 751
636 926
964 1031
901 1060
984 1171
961 1126
620 669
548 1097
1079 1158
908 1041
962 1148
1068 1076
736 1107
850 1114
1040 1122
467 492
797 983
842 927
593 607
1068 1142
476 1046
825 1083
1068 1190
970 1147
644 867
439 1089
675 1074
1025 1132
577 597
812 1131
457 951
971 1092
814 905
1062 1192
565 1052
672 1182
717 823
1098 1140
571 932
530 1163
430 741
616 902
491 831
728 1083
1033 1136
540 595
491 952
570 656
1052 1126
516 1050
1025 1154
1105 1176
779 1051
714 860
779 984
686 826
891 1116
573 679
628 771
744 1041
873 976
491 1108
879 974
638 818
992 1002
1084 1139
876 978
940 1111
951 953
784 1137
702 802
683 1112
931 1198
534 1049
953 1034
1012 1126
761 1092
463 472
826 902
662 866
705 1100
788 1160
483 527
1047 1111
649 1163
702 980
932 1187
449 451
579 935
972 1005
1013 1132
1057 1112
463 1182
1074 1107
759 1003
1048 1181
520 963
690 1071
827 1040
770 905
575 1155
1050 1098
560 1069
999 1172
450 711
756 1013
1069 1182
985 1109
833 1091
638 947
566 951
912 1194
640 917
621 1033
710 1095
1020 1193
855 942
1116 1177
564 809
466 727
665 1181
510 857
852 1058
426 1084
907 910
1103 1137
562 592
614 784
587 868
491 1079
1071 1172
914 1128
669 870
589 798
623 1169
869 880
541 562
1059 1072
800 872
642 931
497 978
696 903
439 993
576 1091
855 923
807 1194
907 1009
815 877
860 1020
501 1044
965 1057
878 918
727 900
617 940
697 1006
886 1200
605 1110
605 940
446 757
616 759
553 562
914 1084
775 958
887 996
825 945
482 682
1127 1184
814 1161
1100 1106
440 703
1125 1140
659 836
1057 1099
749 1053
747 807
1077 1138
845 1002
892 1103
831 1104
460 1135
865 975
1003 1077
969 1124
538 970
1058 1091
816 1050
796 947
584 864
716 1188
883 891
471 501
507 785
843 945
940 1025
688 1100
792 859
462 597
751 1034
829 1141
857 1185
1079 1180
740 932
762 1143
847 1168
436 683
817 938
764 866
521 1190
704 868
684 844
901 1149
1106 1133
452 545
531 847
1097 1180
914 981
1097 1150
654 892
542 779
990 1130
702 1050
653 1148
861 896
749 1135
452 592
420 1134
635 859
1044 1135
472 1098
757 768
637 722
590 868
735 857
1051 1093
910 998
911 1102
449 848
611 901
894 937
1070 1114
570 1062
674 1185
928 1100
740 779
940 949
540 601
1069 1131
704 989
782 940
1014 1161
460 745
950 1059
814 1196
1073 1173
533 957
881 1132
622 1123
979 987
792 1023
516 1155
1028 1125
794 1156
1032 1141
632 770
823 1192
553 1033
662 1122
710 1093
1046 1073
652 1088
441 567
1132 1167
545 740
941 1001
717 966
749 1090
726 1179
449 1172
558 684
469 907
497 692
855 917
546 1148
1110 1145
797 888
988 1181
472 637
929 1055
772 901
832 879
986 1152
1001 1150
424 892
838 1105
746 840
865 983
1129 1182
950 1040
1009 1058
806 947
567 863
797 1047
858 1135
924 1134
1005 1040
760 920
711 1010
886 969
455 463
550 802
905 1116
1029 1035
936 1185
825 1078
761 1038
900 1130
432 987
1079 1170
1127 1170
653 997
856 1088
479 546
1129 1138
1078 1089
925 952
814 849
1138 1186
1041 1124
486 1039
777 971
755 1003
630 877
445 489
911 979
480 1161
1061 1179
736 1091
963 1110
1107 1142
705 986
665 716
750 881
656 1184
651 969
503 927
773 918
649 1138
557 998
481 956
1043 1141
469 722
596 935
951 1151
1008 1029
1020 1180
994 997
572 1111
428 980
678 990
704 820
920 970
772 810
598 1195
735 1104
598 876
982 1013
470 823
540 792
566 1096
781 990
1004 1158
637 796
435 792
969 980
692 734
768 884
534 1057
1113 1189
632 1112
984 1115
783 1141
838 1024
958 1009
428 696
921 929
741 748
1044 1063
1113 1132
983 1025
1031 1047
1122 1128
531 847
440 895
564 1000
991 1095
728 909
473 954
626 1065
764 1026
491 662
1060 1112
862 941
944 1157
642 1012
505 785
869 933
704 784
514 528
1128 1169
1007 1028
969 1086
1012 1199
597 729
805 1117
521 690
522 834
760 938
619 1189
513 917
752 873
463 1016
460 721
1133 1156
512 1051
1092 1193
434 523
861 1172
687 689
636 1019
1047 1119
596 848
1018 1124
670 821
869 948
636 1032
830 1108
963 1002
999 1170
1018 1168
1084 1164
567 1095
947 974
788 1041
541 724
550 988
1027 1050
880 954
1074 1140
529 925
434 476
493 968
541 1126
451 817
1064 1076
676 759
509 958
1023 1063
885 1070
692 733
998 1038
801 1017
923 1123
674 775
544 652
1043 1148
1052 1181
863 898
829 1121
1090 1157
600 1067
580 1168
1031 1157
526 606
964 998
603 1013
941 1086
820 1175
591 1074
1063 1093
922 1087
637 1030
702 779
1057 1129
824 998
547 1170
687 973
713 1166
651 1090
996 1176
931 1051
1083 1121
904 1146
712 859
525 647
570 589
1021 1166
598 1070
787 1188
822 1142
950 976
1025 1029
651 943
568 681
602 703
655 719
1043 1059
512 1183
543 602
651 798
444 1018
447 1105
1066 1092
811 910
700 972
617 685
1009 1088
588 1085
677 941
740 924
924 1144
597 615
607 917
933 1066
1101 1168
905 1097
848 946
710 750
1041 1101
706 1165
723 900
902 1067
743 1159
852 1059
1123 1168
1045 1178
867 947
1124 1176
1025 1177
535 737
921 956
424 495
1017 1104
831 863
674 1124
956 1152
844 1026
828 1156
954 1172
674 724
767 774
1093 1167
597 625
888 1109
477 768
1076 1148
431 1183
609 1181
863 916
634 1138
924 951
1118 1139
1131 1155
777 1010
1123 1139
993 1195
534 954
581 695
1063 1138
893 965
465 678
1134 1163
461 477
920 966
757 843
460 740
448 642
882 1194
1085 1092
1006 1048
1098 1200
627 1051
567 681
564 969
794 1030
996 1086
546 930
436 836
722 1131
771 1071
543 785
843 871
884 964
922 1136
444 483
710 784
850 1019
629 683
779 811
1097 1196
930 1010
992 1065
685 700
1122 1149
551 573
439 630
631 978
582 1116
420 617
537 723
426 829
810 1054
471 643
707 1087
779 1086
978 1102
721 1016
1130 1175
443 1105
1127 1199
644 941
500 822
680 1175
950 1158
510 979
1051 1101
1134 1173
1081 1130
751 752
735 861
1138 1181
501 772
670 971
1051 1134
595 853
683 878
1053 1071
716 862
795 1027
489 983
757 797
946 1162
787 1128
520 685
477 654
879 902
597 958
630 966
1027 1054
831 1076
549 1138
487 1072
1061 1189
847 1058
1118 1188
587 1088
724 1177
942 1057
847 1100
791 962
577 692
421 1043
871 1173
697 974
715 984
924 1198
749 1155
1085 1138
568 950
733 1161
1077 1149
921 983
991 1183
749 840
725 1161
914 1130
606 966
887 913
1115 1172
838 873
781 1036
983 1171
543 1189
1009 1080
978 1083
709 920
509 772
634 1172
799 1020
540 670
853 1191
963 1172
877 1063
489 580
488 592
691 1027
884 1025
567 748
588 893
1109 1134
440 441
668 819
930 1149
629 662
748 786
975 1157
1131 1156
796 970
557 955
588 1029
426 730
698 825
730 987
965 1103
707 1132
574 1152
1032 1102
472 587
611 666
738 954
887 1161
681 739
1055 1083
1095 1115
619 1011
438 1155
852 996
997 1180
886 1050
904 1162
541 753
464 474
1094 1152
937 1068
864 1096
888 1176
711 1199
925 1163
539 665
648 1141
873 1138
994 1154
530 1098
983 1103
515 709
532 1173
1117 1121
527 834
522 655
1048 1178
904 1183
524 670
782 1000
729 763
530 738
605 1130
997 1069
514 776
473 839
1036 1137
472 553
802 1177
487 1008
813 865
485 744
953 1163
1069 1074
864 1192
934 1143
1137 1156
583 633
587 961
810 1007
469 524
531 1012
803 902
848 893
1033 1167
480 1036
508 1129
1014 1033
1034 1095
482 1072
859 1018
979 1156
945 1023
861 1090
1022 1046
480 826
507 839
828 1052
894 1105
793 1083
765 886
807 856
705 874
646 708
803 1074
425 1125
891 1195
568 797
1116 1168
1026 1081
831 896
800 810
518 614
497 1041
1129 1130
644 1160
828 1059
1040 1185
840 989
642 683
745 1000
754 975
1029 1163
772 1097
868 1095
1046 1089
1085 1176
564 936
511 639
864 885
1138 1183
746 773
1093 1114
1065 1084
688 741
421 992
1126 1138
1123 1193
909 962
511 1055
1066 1160
535 973
621 936
865 1092
810 845
469 801
809 1124
1110 1195
694 714
464 517
919 964
888 1152
1001 1064
687 780
879 984
957 1007
984 1167
546 1129
829 1146
482 539
936 1084
593 978
652 889
1109 1134
451 1046
735 852
471 926
626 1007
545 680
562 795
906 1155
464 754
958 1135
1062 1183
708 1109
1125 1137
555 857
459 506
454 609
598 783
722 758
657 772
1057 1133
473 1122
935 996
595 865
451 1159
466 1072
875 1039
967 1053
492 1069
439 733
510 692
549 848
941 969
1119 1171
564 900
756 793
1091 1145
799 941
1013 1100
641 771
1114 1123
893 1031
991 1161
701 838
1030 1080
455 1029
472 896
477 995
1008 1169
485 1193
1071 1118
614 1171
474 1124
600 1051
882 1098
864 1012
1007 1132
509 610
655 1017
631 783
984 1111
902 1169
421 847
964 1047
608 824
624 887
1090 1117
647 655
1080 1161
454 1107
889 945
965 1088
450 498
800 897
1032 1185
824 1176
721 1089
630 1054
527 770
885 958
1031 1081
1112 1155
491 776
1008 1170
516 836
440 826
472 644
619 1068
1090 1167
775 834
604 1148
708 1112
893 922
429 927
626 1187
482 571
820 961
879 1151
880 944
473 1185
856 996
1057 1171
956 971
437 710
739 774
1086 1168
483 852
572 817
1046 1119
1053 1149
835 847
961 1094
670 697
1091 1180
465 767
480 496
717 1105
847 871
582 1192
473 523
728 831
713 897
1024 1086
556 648
900 1159
732 1197
439 490
745 764
423 1066
743 1119
736 856
742 1121
1117 1143
484 632
930 1153
940 1194
1108 1109
621 644
710 1187
906 1023
541 731
462 1179
683 850
943 958
967 1165
983 1007
702 848
609 611
767 1067
483 752
1110 1179
533 984
594 967
990 1027
707 1061
1010 1041
954 1009
726 869
1100 1157
1117 1168
564 790
592 868
1100 1142
903 999
688 1023
921 1183
811 1142
818 882
888 1200
1039 1168
979 1174
750 755
431 608
795 1082
1025 1166
823 863
769 822
562 987
1135 1189
469 930
498 640
537 642
616 770
765 900
1034 1157
1037 1122
735 914
595 1186
503 655
1127 1154
654 712
927 1129
582 647
849 968
631 1171
537 620
938 1190
699 740
774 893
478 595
720 968
925 1150
676 1089
1038 1181
435 805
1031 1060
962 1094
740 1062
654 874
1077 1179
426 858
904 918
603 1000
768 1188
598 687
1102 1136
635 1008
1065 1120
724 995
1130 1191
745 931
925 1112
999 1017
1066 1120
687 1004
973 1019
1028 1170
1126 1137
966 1140
445 586
498 878
532 791
898 1192
1011 1079
947 1016
963 1019
708 956
898 950
608 893
985 1055
851 1089
982 1081
1134 1142
784 994
459 491
722 847
854 1132
1111 1180
851 1049
545 1147
654 896
501 1032
482 1149
848 1072
690 998
439 1084
707 1120
1123 1144
1112 1163
944 1060
681 1191
866 1006
978 1060
524 1036
679 772
950 982
831 1118
784 1017
1061 1091
849 1055
531 758
1028 1101
1023 1063
991 1075
487 1012
704 943
814 840
1033 1142
952 1055
566 771
867 899
743 808
488 910
1119 1122
595 759
1066 1160
628 773
799 1145
844 1174
1130 1199
696 832
446 1053
753 1200
462 1170
921 1047
897 1162
841 1105
715 732
1070 1166
915 1050
859 1190
764 813
933 1123
719 723
883 1189
433 729
1097 1105
897 1119
964 1006
1084 1108
453 1179
490 818
513 1153
692 1083
498 590
789 897
972 1083
611 1164
1003 1103
907 1169
794 1177
1124 1175
599 762
779 971
682 696
499 922
652 961
819 923
1015 1131
713 978
1030 1048
681 806
664 812
1098 1176
860 1010
435 1181
455 732
593 1151
857 948
579 1051
706 891
726 949
1054 1188
613 717
571 750
1070 1189
547 1048
776 1063
421 1030
1135 1199
1006 1151
703 769
555 730
1111 1131
542 1149
711 938
932 1118
518 846
1120 1130
621 994
627 1163
894 1000
826 1137
661 1031
605 937
740 978
926 1011
1132 1194
811 1039
457 558
737 883
628 1098
796 813
430 617
874 1159
517 910
439 1168
537 839
864 1031
592 813
865 944
1109 1130
1017 1198
578 994
1028 1200
839 1199
1102 1126
612 943
583 938
634 740
910 1151
1049 1134
1125 1152
1080 1131
1131 1176
900 1017
1094 1097
458 809
1038 1119
537 1044
1037 1082
1133 1167
1098 1163
696 1004
909 1143
442 573
435 461
1120 1130
759 1136
659 739
939 1069
641 667
861 991
747 949
666 720
731 1179
614 705
1035 1149
881 1019
1028 1160
961 1117
816 841
966 1014
709 869
712 864
912 1065
1021 1127
464 1014
549 1091
1129 1139
1000 1098
934 1189
616 1080
446 581
586 658
1072 1167
815 1070
939 1102
696 1087
449 453
786 1179
760 950
462 500
801 828
525 960
735 870
454 567
524 766
1031 1180
519 1006
484 547
576 862
989 1183
779 990
656 927
837 1089
807 830
703 1189
492 836
595 618
866 1107
817 888
1010 1169
952 1009
562 802
435 937
900 964
1084 1111
1116 1137
674 950
515 1118
1010 1128
911 1167
820 890
897 955
1043 1117
815 978
790 1105
428 1153
882 1165
1061 1099
1133 1177
561 562
829 961
692 910
733 787
850 1176
910 1127
655 1068
738 1043
1024 1161
461 839
546 912
1082 1100
803 999
667 934
741 1045
598 1051
1131 1162
1033 1167
1067 1154
483 1183
1045 1160
1036 1197
789 861
850 1117
807 900
574 1013
891 1031
859 1044
683 830
479 817
1059 1150
1011 1177
802 985
762 1127
800 1133
591 1046
941 1138
1096 1185
688 1190
1017 1095
1007 1199
483 1086
618 711
986 1164
1010 1053
987 1160
610 1077
718 1194
984 1158
676 1025
700 885
511 1019
943 1041
798 1034
943 952
796 873
545 648
642 1041
831 1000
428 1053
454 643
661 1062
992 1072
778 1000
636 1195
1112 1136
705 925
703 814
1118 1187
697 871
730 825
705 943
541 720
824 1043
952 969
947 989
959 1166
893 1054
840 908
585 1075
731 873
472 881
457 706
744 942
1047 1133
837 942
563 730
664 922
837 1112
1076 1114
664 767
620 1168
421 480
947 958
752 1140
650 1077
541 778
429 920
1101 1148
1049 1083
1026 1106
575 611
696 860
593 868
556 1092
1100 1139
985 1059
1092 1152
743 1058
566 1128
745 1134
632 891
789 1077
457 535
679 816
912 1106
1089 1138
712 888
503 1017
968 979
863 947
930 973
864 1097
648 1118
922 969
484 715
999 1115
704 728
456 984
613 986
468 992
515 880
816 1070
744 1060
519 866
527 1013
504 1039
903 981
741 1196
591 980
462 496
894 1098
1058 1068
857 969
567 938
777 895
475 887
420 1065
434 1046
922 1029
445 990
562 1066
575 971
423 967
1069 1152
540 607
838 858
976 1041
851 1156
538 710
784 1077
430 745
1138 1182
573 1160
1064 1195
493 960
510 916
1127 1176
962 1091
451 631
714 825
747 1186
945 983
1114 1159
657 1131
1118 1131
687 828
456 977
977 1014
705 1011
711 1185
754 1121
494 623
1065 1160
966 1052
925 1061
552 1199
774 1070
500 788
428 1006
639 1109
877 1184
800 1108
1069 1196
1012 1106
663 1022
545 726
1095 1136
927 952
695 941
477 809
504 608
600 645
561 1186
637 1019
785 847
1057 1119
528 845
514 909
847 906
679 820
1035 1061
676 814
942 1175
936 1192
1100 1137
443 1122
609 1176
466 1054
499 867
817 832
461 1150
959 1088
434 1015
1102 1116
680 756
567 1003
872 891
988 1046
680 808
712 888
452 957
982 1028
841 1084
1096 1191
1045 1049
690 788
447 679
513 529
874 959
518 737
1093 1194
1062 1088
434 1168
531 959
696 795
874 1095
1042 1114
1007 1048
509 1035
719 1082
1118 1173
595 633
688 1130
659 879
905 993
919 1107
1011 1096
844 873
816 921
737 1144
545 905
466 861
782 1100
894 1004
753 935
782 1146
682 1117
795 962
460 617
1140 1145
563 1122
1040 1138
819 944
798 816
542 671
482 1087
995 1079
656 956
730 1100
468 738
994 1098
1114 1152
586 615
694 722
999 1064
836 1179
660 933
1028 1093
639 1105
976 1161
441 479
595 633
510 982
884 1170
730 1052
972 1113
1002 1122
1069 1137
769 1061
1045 1118
580 711
888 1141
516 1086
1132 1194
1052 1090
696 816
1000 1104
1063 1161
571 928
894 1170
556 601
909 919
931 1002
957 1095
989 1103
675 711
813 1068
908 1193
445 803
619 1076
550 996
689 1087
891 939
464 611
686 1002
427 602
1004 1048
526 684
1061 1097
619 731
677 722
802 878
899 1013
486 642
479 642
429 545
644 907
438 910
587 935
840 1153
741 778
762 1012
933 1168
1104 1147
1091 1164
477 598
722 1146
898 1146
499 702
1111 1175
649 716
795 834
875 1136
837 899
882 965
639 685
1052 1163
877 924
874 902
966 1063
859 1150
887 1096
930 1109
991 1162
1108 1189
464 915
1041 1178
1060 1155
604 680
909 999
1041 1165
1006 1087
599 876
854 872
553 793
426 750
650 887
933 1130
1098 1178
869 988
829 872
615 1023
503 1062
526 753
847 1089
729 1136
1086 1187
805 884
1043 1050
937 991
508 661
1071 1193
815 1165
440 802
573 821
637 742
772 1173
750 1149
1061 1131
846 1009
725 992
784 1110
926 1080
813 1167
981 1117
582 685
1120 1192
825 863
428 969
489 1163
642 1106
808 878
1119 1172
990 1112
587 1044
728 1112
915 971
671 897
761 976
987 1073
954 1190
776 863
889 1062
938 1158
696 878
502 778
1007 1192
728 1017
604 677
782 939
732 911
484 512
846 1118
672 702
702 890
914 1157
625 978
885 1182
777 1103
704 1039
895 912
1080 1107
841 937
938 1103
887 1116
1032 1111
989 1199
575 804
1058 1140
462 1146
719 1020
489 886
697 1199
506 699
784 1079
808 1004
995 1156
936 1074
1097 1129
519 923
513 1130
682 759
656 869
623 800
931 1102
960 1036
1004 1185
958 1025
884 1193
513 1031
848 1189
1063 1122
704 1051
423 1160
422 937
703 1021
698 1133
470 762
963 1142
866 1119
1132 1159
936 1124
741 1065
572 989
628 1094
717 1171
443 907
657 930
1098 1151
900 1193
1013 1079
1013 1198
959 971
824 1016
726 1063
986 1043
454 546
1098 1131
648 943
529 899
834 1020
765 784
554 791
842 1010
564 1066
498 957
438 676
908 1108
474 1161
651 684
953 1024
1062 1077
747 874
940 1077
574 599
1103 1190
483 823
777 1070
569 794
563 1169
698 1169
1099 1144
594 916
421 1005
951 1151
567 1109
787 1087
709 1067
537 696
1011 1049
649 1103
498 985
1080 1181
665 1166
1089 1183
590 798
1019 1076
697 724
1140 1179
626 1126
447 1036
703 830
1139 1168
1052 1102
522 1001
1060 1129
469 723
801 854
918 935
803 1151
819 1153
829 893
575 637
889 900
603 664
514 1078
828 832
522 1166
582 1168
474 856
972 1144
626 993
820 1099
843 1164
1005 1162
823 1129
1138 1176
656 724
914 1012
1001 1081
1041 1151
1108 1182
666 967
685 951
1014 1129
1133 1156
994 1124
678 951
878 1197
482 535
969 1104
424 1105
550 610
480 836
424 623
964 1141
760 1060
423 465
1089 1165
990 1167
827 1118
634 860
427 470
973 1102
695 885
691 787
521 604
487 813
952 1078
832 986
545 991
667 675
423 762
744 932
879 1189
955 1081
1008 1190
788 1112
586 1097
546 754
682 964
850 940
1035 1053
771 927
597 898
786 843
844 1160
1139 1198
1024 1073
497 1188
481 603
1100 1118
874 992
819 970
458 658
1070 1116
706 1175
945 1047
467 911
1107 1135
903 1168
827 1008
1035 1148
725 1070
943 1109
616 760
963 1192
501 557
740 830
533 968
988 1063
913 1063
606 661
825 1079
1067 1179
884 1059
720 1031
721 1072
1064 1092
750 1102
711 941
582 1031
1025 1103
494 563
730 1058
736 1073
877 914
1000 1057
829 1126
808 914
731 1179
1082 1178
863 1071
566 1106
781 981
685 739
665 799
777 987
820 827
1127 1162
809 1129
448 989
1105 1165
1052 1122
850 1102
706 1178
684 701
1062 1199
1084 1094
743 929
513 1065
869 1007
617 678
568 573
836 971
442 752
749 988
764 872
771 1180
679 1171
515 1043
939 998
921 1196
1108 1153
741 1039
981 1090
1023 1052
439 809
423 930
427 1073
721 1151
815 932
660 821
661 672
700 746
1129 1188
983 1131
906 1115
550 918
890 1141
478 896
924 1110
534 670
979 1023
598 602
965 1087
531 798
1137 1140
863 1166
855 1150
905 910
941 1042
749 977
977 1114
901 924
799 840
436 1137
723 1024
562 833
1061 1084
421 744
475 1029
596 731
801 1103
563 581
635 1169
1094 1103
991 1096
838 886
997 1052
438 779
994 1035
880 1034
685 943
645 875
639 953
1044 1085
420 804
578 1065
865 978
491 1118
896 1150
467 799
609 828
460 666
1094 1136
767 919
565 657
984 1100
750 1021
431 499
764 1197
737 991
1006 1101
1069 1134
585 878
437 905
1127 1199
693 794
588 830
1034 1104
827 1064
490 1103
803 1064
837 1106
741 1061
694 992
673 1076
1019 1072
1034 1073
1058 1152
486 569
983 1178
607 762
657 1000
550 591
857 1107
1089 1196
696 1000
501 912
982 995
1065 1139
934 1183
818 1184
455 665
480 820
871 1183
469 774
757 816
1081 1187
1067 1197
922 1095
763 823
957 961
934 1064
829 830
596 1141
1008 1147
902 918
976 1149
966 984
1071 1179
770 1164
1091 1145
453 727
814 1005
882 1163
988 1037
468 642
422 702
531 991
766 1042
1084 1114
703 1161
747 1135
935 1183
820 1069
845 855
548 937
953 1110
584 985
1051 1147
1019 1145
514 552
636 646
577 912
841 938
802 998
1054 1061
980 1110
558 1173
830 993
757 913
1014 1078
744 779
1016 1107
987 1182
712 1150
937 1031
559 753
721 986
988 1142
512 872
867 1113
489 808
873 942
907 1115
525 1098
895 1059
784 1059
1044 1156
483 567
613 899
938 1028
532 643
1117 1180
1017 1092
913 1035
854 1148
850 994
456 699
774 833
943 1137
753 841
784 935
558 910
831 1200
885 1142
571 866
767 792
656 909
532 1033
627 742
900 914
783 1061
1138 1160
576 610
617 1136
1110 1179
1111 1164
447 953
994 1044
710 893
554 668
928 1146
1109 1116
787 1041
792 822
583 1179
970 1033
1108 1178
646 1192
1045 1121
513 1005
461 918
1081 1142
865 1113
754 995
477 657
952 1044
1093 1124
567 944
424 1107
633 975
583 1124
855 911
492 634
920 1087
881 940
475 788
703 1112
592 667
554 961
1131 1167
692 1151
1033 1184
599 1138
577 891
1090 1167
808 1191
503 744
851 1014
1003 1089
1124 1164
694 967
441 858
1105 1123
1013 1183
884 1162
1040 1191
1027 1148
731 967
866 907
661 1070
722 983
972 1091
974 1125
448 993
484 732
626 706
530 700
1095 1126
970 1112
738 1163
580 892
757 775
496 523
687 688
678 883
749 852
1031 1113
610 1130
701 707
820 869
1077 1091
466 528
1137 1194
619 961
584 999
873 1176
961 1076
1011 1145
884 1145
487 660
431 695
431 935
1001 1017
774 1002
489 785
661 856
664 784
556 1189
1028 1135
559 692
458 1101
766 904
1099 1163
932 1197
821 1051
998 1159
448 513
831 1054
1052 1069
808 1067
433 1022
560 858
643 960
611 1035
1021 1092
531 600
914 1036
1097 1106
929 1131
468 979
571 715
1066 1149
1104 1144
926 1192
445 1195
1063 1161
685 1135
478 842
1028 1140
444 981
536 773
1085 1136
695 1034
521 631
571 790
771 848
503 1103
883 974
617 1185
1075 1161
653 806
931 1200
1025 1049
1039 1114
950 1109
421 679
641 820
809 1061
643 936
612 1193
746 867
436 689
747 1001
926 1077
990 1040
1102 1121
485 960
468 1119
727 885
676 687
993 1104
437 804
717 842
734 1034
926 1048
454 712
896 910
691 987
464 610
1119 1178
442 1039
1021 1024
470 1128
557 1131
834 848
1032 1169
787 1179
760 968
1097 1163
444 1192
554 1016
515 1042
874 1067
475 1139
1006 1023
913 1157
875 939
950 1041
901 1095
876 1047
701 1183
749 800
569 702
732 876
706 972
866 897
631 805
907 1185
686 948
1052 1094
873 1198
704 1188
1090 1122
472 869
463 468
807 826
1085 1162
986 1079
1001 1191
684 793
504 1026
614 1104
501 1090
541 645
515 796
958 1183
437 1098
686 814
735 1082
573 680
782 867
1096 1115
428 875
1032 1147
789 936
1033 1046
472 1024
649 679
626 774
553 657
1107 1147
658 758
1027 1137
649 827
935 1183
708 741
1045 1113
731 733
467 526
956 1047
931 945
970 1022
900 1129
980 1059
729 736
437 630
655 1177
810 1022
919 1167
905 1153
1068 1182
592 654
856 1097
1124 1182
1135 1189
569 763
834 980
1073 1173
771 1085
965 1107
746 863
1083 1144
1036 1176
834 1078
1106 1159
950 1046
798 1096
835 895
496 734
1036 1199
572 1184
465 978
666 690
1043 1104
636 930
515 788
475 921
442 1052
650 721
845 958
775 783
485 1152
1105 1145
1007 1008
674 678
728 809
443 504
619 648
1105 1193
576 757
929 998
593 1061
967 1171
799 1070
616 1025
792 1198
1104 1116
1027 1049
735 825
948 1146
919 1192
903 1048
804 828
763 1171
563 726
755 974
865 1194
899 1127
704 933
891 985
514 875
1034 1114
760 857
519 1026
1041 1105
965 1116
446 1136
885 1016
589 791
1100 1200
1127 1128
488 536
435 1103
810 856
611 1182
594 690
690 924
1035 1165
851 1114
606 938
889 1193
676 1148
615 870
1102 1146
1040 1145
852 1016
964 1107
974 1057
733 896
957 1147
477 1194
497 822
986 1130
1092 1123
485 847
648 820
736 868
528 608
464 634
705 1060
607 702
1034 1096
1057 1145
936 975
770 991
477 873
1122 1128
428 998
631 1030
1031 1067
635 796
465 1150
1033 1157
917 1152
841 842
1132 1156
818 868
796 1153
545 697
562 860
534 815
420 1020
1109 1185
550 872
439 699
906 1181
815 1055
983 1131
1001 1126
607 996
973 1117
635 1108
833 1004
631 738
610 756
637 1004
886 898
485 496
513 1082
975 1169
516 629
883 1083
1105 1167
1117 1175
728 937
880 1066
553 697
945 1184
973 1021
598 615
901 1191
907 1121
1033 1109
892 1195
443 1040
826 1183
1031 1135
1065 1188
786 792
514 730
952 1168
456 834
823 985
933 1007
804 1040
757 900
480 509
579 850
442 743
662 700
1102 1114
532 782
703 925
1052 1161
596 1120
661 921
561 580
666 704
877 886
967 1094
543 775
711 845
1020 1170
625 831
498 993
1093 1133
529 1032
1136 1186
550 897
1066 1075
851 982
731 833
921 975
528 640
876 1129
459 590
503 804
984 1048
861 1018
556 977
957 1007
827 1093
727 1181
640 664
1111 1126
628 1050
456 1054
991 1065
855 1119
685 932
543 769
442 670
574 905
1059 1076
1000 1030
843 961
851 1194
656 1034
983 1093
947 1133
941 1164
1078 1163
433 679
949 971
566 698
831 962
764 911
815 1060
818 1198
932 1194
607 752
514 801
1098 1186
842 1183
1102 1187
1109 1169
1039 1119
476 1022
500 1119
1000 1039
908 948
787 982
489 912
578 698
648 936
445 521
726 967
421 1166
439 1071
598 674
916 979
1064 1163
618 1117
595 864
537 726
1108 1200
1039 1103
898 1059
498 905
552 1009
1076 1186
505 781
605 1034
748 1102
1043 1068
684 812
425 713
589 788
802 962
605 611
764 972
500 880
972 1035
1082 1092
423 918
431 935
556 1131
590 748
771 892
510 1124
1051 1059
877 915
611 811
1108 1145
915 1037
738 833
884 1092
704 1082
545 619
673 746
956 1030
858 1007
609 914
1059 1158
676 1063
1031 1124
765 998
440 662
441 448
438 541
490 603
522 1060
741 751
766 942
426 515
711 1180
1030 1110
1130 1181
680 702
720 1009
947 1130
506 1001
426 1182
1129 1149
881 946
928 1070
1061 1123
448 934
998 1146
576 795
896 1153
971 1159
1100 1195
752 772
493 650
736 1122
657 847
752 1074
491 1058
1050 1070
732 948
1128 1151
1009 1133
657 883
577 848
519 552
977 1130
1009 1128
958 1064
1050 1113
1073 1074
587 667
547 956
836 1042
481 770
521 782
689 751
468 601
1013 1143
1031 1184
547 1186
606 978
614 1006
425 766
427 962
888 898
1104 1165
1008 1195
431 530
546 1098
765 994
992 1141
826 1161
460 884
648 830
1082 1199
668 1023
724 805
541 814
480 644
465 676
787 892
1024 1031
493 527
433 727
552 1003
888 1089
654 1061
453 923
696 1117
539 714
1111 1192
1088 1185
841 975
996 1111
817 1086
926 999
533 901
628 801
868 1022
943 1006
633 976
535 626
1129 1178
546 932
1116 1154
883 1111
645 869
630 723
683 795
608 866
1073 1145
610 1072
980 1019
563 695
1004 1055
1051 1155
484 1176
606 867
711 1139
749 1033
798 819
827 963
712 1013
590 947
1114 1142
1018 1169
953 954
1057 1073
493 506
446 727
990 1199
749 904
502 798
1038 1118
541 940
927 1120
1094 1147
448 736
502 598
558 573
478 940
743 831
866 906
622 890
1102 1193
1047 1194
1011 1148
494 1055
596 732
1006 1115
566 1106
963 1082
482 767
1053 1108
884 1185
572 970
554 925
898 992
648 964
710 775
735 1047
815 1161
660 1007
893 1145
582 1147
681 1063
555 1188
519 724
621 934
1109 1137
753 934
907 1028
846 979
431 887
1139 1158
966 1197
725 795
1024 1055
708 860
1086 1149
850 906
1105 1151
754 878
666 1168
991 1154
729 1144
1069 1175
595 970
825 1171
687 1094
562 1074
539 560
603 876
701 890
788 1094
1107 1192
1111 1185
1009 1060
605 623
986 1015
1047 1086
872 1193
675 680
1115 1156
959 1016
669 950
469 895
1128 1179
613 625
1061 1145
664 667
811 927
617 1046
1043 1187
763 1046
520 1035
884 897
564 830
527 1130
507 751
963 1002
1044 1064
1003 1051
1140 1157
1039 1134
1053 1110
797 799
634 1104
634 1104
1002 1036
695 707
841 974
647 939
1019 1152
733 1009
483 1124
935 938
1055 1169
702 1167
436 1023
733 1139
823 877
996 1014
568 673
1083 1143
504 616
1066 1078
600 750
990 1112
982 1182
993 1093
915 958
517 916
1112 1168
664 859
665 728
641 1195
673 960
735 849
706 756
741 1024
688 1087
464 1134
953 1125
562 822
504 740
1099 1167
871 921
770 830
672 959
708 1048
554 1023
775 1130
969 1130
677 817
722 1192
636 862
956 972
1134 1184
590 970
959 1155
444 572
962 1125
693 1112
590 1063
822 1071
1070 1076
861 867
933 1125
800 846
934 1150
1109 1148
821 1166
704 1120
873 970
1043 1164
873 943
611 679
909 1142
1006 1062
424 1051
695 975
1091 1095
1090 1175
448 713
1095 1183
510 679
536 1106
909 1059
615 699
692 838
503 955
545 869
659 670
846 1177
721 866
931 1185
811 873
628 815
738 1049
642 874
704 1193
620 853
1055 1194
591 1172
566 1122
659 1166
557 1004
544 1094
1077 1079
1131 1160
1086 1182
440 720
793 1153
1065 1158
1067 1167
937 999
691 890
996 1200
948 1084
1026 1140
767 1158
668 1033
659 843
676 889
918 1114
931 1032
1116 1143
971 1082
1121 1192
587 723
842 1008
674 923
879 961
743 776
1069 1079
785 823
912 1140
779 972
1048 1168
1113 1195
509 984
1140 1173
822 1134
986 996
459 749
488 667
1055 1102
660 665
991 1027
697 850
519 580
812 840
573 693
690 1095
796 1096
521 644
1127 1171
693 783
1018 1166
592 1180
563 980
793 854
497 987
502 507
493 1090
748 1043
771 1168
477 968
984 1010
1023 1168
516 1038
941 1068
1023 1121
921 1002
612 867
601 883
1057 1192
1005 1054
616 919
726 889
1062 1187
841 1068
622 1041
453 873
627 642
950 1108
1028 1198
655 899
815 1063
922 994
1021 1100
813 1150
914 1011
660 754
486 946
1083 1171
621 880
746 875
602 800
464 769
773 920
1060 1192
440 686
1087 1096
750 879
868 1090
1013 1092
792 1046
492 912
1059 1081
634 941
1001 1109
451 1081
646 1068
837 981
467 720
799 1019
927 1166
908 1029
751 1190
1065 1192
727 815
1120 1162
925 1162
1114 1177
1036 1067
953 962
659 780
526 890
477 660
424 1147
911 1113
422 527
957 1064
743 1134
657 1161
867 1057
553 1082
876 1013
1073 1091
973 1044
902 972
777 904
645 1056
610 1200
951 1043
551 876
582 1145
926 1101
1093 1190
1009 1033
651 1103
742 1057
857 1104
683 808
988 1038
691 784
423 470
559 946
523 605
1058 1063
797 1122
837 1177
534 923
945 1175
541 873
558 562
928 1050
730 759
698 1066
853 896
855 874
915 1184
460 728
801 894
970 1120
953 1047
1012 1072
853 1183
813 958
483 523
818 868
898 1012
447 1020
1010 1151
1095 1131
875 927
706 863
961 1062
1080 1113
449 533
574 1192
441 632
741 1064
545 556
998 1119
821 1138
1099 1116
758 1148
531 697
863 1159
1078 1130
956 1197
700 1076
1024 1054
895 1146
745 869
821 1059
865 882
527 685
891 989
778 803
633 927
725 918
912 960
1083 1102
959 1025
455 775
982 1101
792 888
1024 1191
887 952
960 1076
537 1046
1012 1172
1102 1166
826 1165
710 898
420 619
420 543
839 948
1097 1179
1083 1180
710 736
1126 1146
563 783
624 1118
1036 1060
1078 1154
491 493
541 1096
810 1154
551 845
445 1143
663 799
474 1005
722 739
645 793
620 905
971 1191
825 939
664 1143
581 1116
962 970
833 1096
964 972
790 915
620 1185
625 640
739 1100
593 1085
972 1111
622 752
647 1004
992 1140
1000 1116
782 1190
633 1059
1128 1172
445 816
541 587
1048 1154
1066 1151
889 1181
454 782
1135 1168
1113 1176
888 1126
715 841
1057 1198
433 852
893 1158
532 587
687 838
812 1112
961 1088
953 993
656 911
603 972
427 809
798 947
620 783
446 678
751 821
903 1057
717 822
552 796
450 676
1039 1097
593 871
784 923
848 1082
891 1079
1073 1166
1027 1097
673 1182
643 777
1093 1142
506 818
535 876
910 1142
1043 1122
719 1165
488 937
975 1200
730 929
629 961
814 1048
856 864
667 812
528 1132
584 1110
672 906
714 758
1050 1054
827 1099
1075 1126
895 1165
497 984
1077 1180
1130 1147
852 1007
1127 1152
1102 1193
731 846
964 986
492 525
506 840
496 1123
922 1126
1115 1196
912 1178
955 1157
514 909
1050 1189
703 859
561 886
1026 1191
569 767
436 778
1045 1103
747 1152
1120 1159
1073 1193
841 1035
785 932
811 818
669 950
974 1018
574 988
878 1051
947 1165
1108 1166
778 805
942 1089
1020 1129
797 976
865 940
1111 1187
833 1097
817 877
490 1079
1130 1165
1014 1087
911 1157
1063 1135
814 1076
1023 1152
768 869
504 1067
979 1073
422 795
920 1197
987 1039
960 1111
744 1077
573 895
543 1107
430 1200
922 1155
803 996
779 1111
1076 1176
690 1152
445 564
1102 1162
807 831
559 694
559 1052
540 1024
699 1073
923 963
929 1129
1065 1066
888 1008
884 1066
509 935
605 936
727 1071
481 763
1120 1200
1004 1078
946 1023
574 722
516 1094
886 1060
921 1173
1122 1132
563 820
1055 1186
682 1074
1109 1137
635 1136
597 885
1074 1133
636 694
943 1183
868 1133
836 977
851 895
1029 1175
804 918
913 1155
787 1151
632 987
803 1117
503 746
968 1120
508 675
1003 1021
491 1118
712 944
543 678
1042 1106
943 1111
949 1071
553 1016
1043 1135
674 1032
944 978
701 825
527 547
774 912
422 1192
1071 1108
865 922
919 949
580 678
842 1047
964 1117
955 1104
899 983
759 929
870 1079
962 1105
429 704
452 1094
746 841
1086 1122
887 903
677 702
496 504
1045 1100
731 807
764 1045
857 984
965 966
824 944
1138 1193
721 754
749 1104
1036 1138
1020 1105
1082 1125
745 1180
548 693
486 1031
484 729
461 861
848 1058
831 1069
796 1128
553 1056
863 1141
516 519
975 1114
807 992
901 1148
780 984
810 837
463 979
1021 1156
436 584
682 799
875 880
1120 1153
554 1085
441 606
433 615
976 1071
464 540
488 557
460 639
875 1031
713 847
468 775
465 505
683 849
1008 1071
743 1092
911 996
820 1197
1103 1106
713 993
501 1135
585 891
509 1183
978 1000
1049 1135
796 933
1030 1054
1125 1180
600 833
766 1072
839 1191
420 712
480 853
493 1117
620 1168
500 787
686 803
859 1172
702 1157
881 1168
933 1124
1047 1074
720 1131
808 938
796 883
1020 1146
951 1084
1110 1118
640 655
672 1141
663 1005
461 898
429 1083
1070 1160
665 842
960 1182
878 1035
583 816
509 994
767 1074
519 841
855 976
584 902
541 1107
946 977
972 1058
694 1150
825 1091
1091 1152
558 783
782 886
546 1143
658 676
875 1020
425 485
886 981
886 903
994 1156
957 1180
912 1001
940 1030
447 924
1032 1064
699 1081
606 1198
574 1095
512 1124
469 787
608 652
477 1111
1085 1172
506 722
660 1039
1121 1181
896 1200
1097 1185
529 659
723 1171
952 1023
556 1069
438 470
789 821
982 1063
688 911
815 996
724 1094
943 1068
885 1193
447 925
863 973
1072 1110
625 1177
1058 1064
707 1174
960 980
571 748
929 1129
907 1153
1009 1082
816 1152
505 943
963 1133
714 940
452 1071
800 1062
664 1015
1083 1089
1129 1197
712 1056
872 1006
975 1186
846 1003
645 854
950 991
1079 1163
709 992
1052 1084
645 942
501 813
1038 1189
941 1175
1020 1085
911 947
476 719
1094 1108
928 1058
452 541
978 1013
856 1006
845 1197
867 956
946 1107
630 750
1007 1096
974 1062
1096 1168
612 1079
482 980
891 1037
955 999
799 874
1010 1085
668 846
1102 1140
648 1144
919 1033
634 1120
878 1114
623 1148
1139 1142
635 880
1081 1106
877 912
777 1129
856 1022
769 1153
827 1109
799 855
666 835
1054 1180
875 961
696 844
998 1012
873 912
767 958
673 1057
913 1099
421 649
909 1136
1012 1165
601 883
529 669
860 962
1118 1175
701 729
585 1103
656 677
884 1009
546 648
516 763
830 844
1089 1099
861 1069
543 1074
704 814
543 1001
1134 1196
772 808
1105 1191
469 972
583 909
706 875
927 1063
476 959
806 904
585 597
606 840
776 877
543 582
662 916
989 1084
573 1014
523 932
874 1170
1113 1197
980 1185
521 879
1102 1139
890 915
501 1019
1029 1097
494 860
763 1180
636 870
938 1136
629 861
434 1019
718 1131
922 996
429 884
556 1111
826 1022
1034 1120
686 883
798 913
799 1110
762 972
712 736
856 1116
1095 1125
1006 1020
457 461
1089 1097
887 1099
621 1163
445 491
569 935
690 1016
721 971
559 775
436 636
501 724
1067 1155
623 1198
485 977
543 920
947 974
525 1098
730 1066
848 1089
539 1025
819 1021
873 1042
449 1067
1041 1175
617 822
676 911
535 701
1035 1061
868 1044
494 746
931 1179
794 944
655 729
995 1013
1089 1168
768 770
1124 1143
694 1152
992 1040
1029 1154
1023 1078
728 859
951 1025
498 781
838 1178
1106 1164
1001 1099
1068 1101
624 883
696 1160
835 911
814 1144
591 1170
764 1082
1095 1118
532 905
1014 1174
507 907
1071 1169
858 864
635 1071
859 998
606 853
948 985
1058 1145
504 764
758 1026
854 985
493 1057
702 1097
968 998
919 1078
980 1047
812 1099
507 625
1033 1089
905 1060
512 620
870 894
708 1171
569 1074
517 1080
931 997
759 982
1115 1118
514 864
648 763
1058 1074
649 853
545 710
1114 1190
594 757
530 903
1084 1152
420 679
618 822
823 902
1101 1141
787 956
496 931
672 761
756 1151
734 842
1121 1158
887 996
466 1064
984 1032
474 853
766 1031
432 797
835 951
856 891
425 945
976 1042
923 1169
1101 1108
546 927
842 909
473 894
569 653
934 1054
771 975
727 964
952 980
489 1176
858 912
581 1060
446 542
876 1054
580 1199
891 1006
940 1127
551 874
845 1188
583 1157
879 1076
503 608
670 923
654 740
704 785
1030 1099
516 1093
1001 1057
510 595
1071 1076
613 904
940 1128
963 1183
574 842
741 778
600 1198
479 748
977 1145
628 857
692 804
1015 1131
554 985
718 1104
526 1053
736 1021
895 1155
927 1146
641 882
572 1111
1067 1137
743 1053
912 1023
897 1072
557 1107
1078 1147
779 1183
970 1035
676 1177
1054 1067
849 1170
607 1182
471 978
920 1086
476 797
1122 1153
745 993
654 792
799 967
775 937
933 1116
1140 1144
1133 1153
440 979
1124 1190
996 1085
904 952
589 1011
466 804
757 923
690 1122
898 1175
790 1192
436 1012
765 840
1020 1057
1036 1144
999 1119
459 923
684 1166
458 554
589 1122
443 982
903 1090
667 792
556 638
660 887
1041 1083
561 798
1006 1137
502 929
561 1107
668 941
1132 1187
560 993
845 968
543 565
953 1177
1040 1053
836 1138
777 1070
1014 1073
1097 1119
862 1081
1081 1176
951 1007
625 716
429 1083
436 1023
887 1049
988 1179
509 969
829 1134
1013 1133
901 1032
599 1135
1017 1076
914 1115
640 706
653 1076
435 1067
805 930
465 1024
563 666
429 1103
489 658
798 1127
854 925
662 1039
433 955
779 936
491 1013
715 892
703 1180
715 996
564 838
516 820
796 913
693 791
896 1139
479 1006
629 1034
1022 1163
750 871
596 637
744 1190
776 1118
1004 1145
746 796
706 1129
988 1141
505 820
433 573
603 878
448 983
643 739
663 1139
861 1072
929 944
466 910
524 948
810 1199
542 810
1138 1156
708 983
1004 1184
959 1020
716 1065
593 594
750 1135
730 808
978 998
1101 1154
788 1035
875 914
869 1151
558 1027
1058 1096
829 1098
928 1104
645 998
1120 1198
460 782
740 942
905 927
998 1041
824 1081
800 919
522 806
1068 1197
823 930
1028 1157
1092 1114
481 488
668 1179
423 484
595 999
845 1157
805 867
896 988
744 1052
853 1122
822 1085
936 974
826 1144
887 1118
636 971
566 643
1130 1131
526 977
436 639
441 1113
930 1107
705 1158
535 755
479 512
947 961
748 796
923 947
717 795
808 913
587 1079
805 900
527 761
454 550
677 890
848 1193
475 595
681 928
1063 1127
1022 1119
977 1138
1132 1144
993 1041
1122 1125
470 948
832 841
1066 1098
1053 1114
694 1130
720 846
684 1135
1104 1120
749 1043
1106 1187
561 1104
611 838
940 954
742 1086
578 1035
645 1155
758 861
651 850
750 817
526 633
772 896
964 1171
1007 1177
1069 1087
978 1083
424 997
512 881
700 1177
1117 1158
876 1024
651 899
461 899
422 495
428 764
436 1077
689 1122
1001 1025
984 1033
848 1066
680 1022
722 900
890 1094
702 1107
1108 1187
1069 1188
685 1146
840 922
881 1089
955 1036
1052 1074
516 793
590 853
667 1000
967 1145
480 1041
671 896
910 996
582 1031
449 474
1002 1140
728 946
433 985
814 969
980 1056
910 1124
983 1194
1062 1065
458 817
1137 1181
744 991
476 925
572 1003
1049 1195
607 757
577 759
551 976
469 678
708 1024
787 1200
1085 1115
760 838
1037 1136
717 1180
870 903
986 1098
1135 1197
1054 1057
1102 1152
524 1106
856 865
605 617
694 724
557 698
606 1180
962 1186
625 759
682 955
1084 1091
1066 1125
1052 1143
569 1161
1115 1191
997 1137
937 1162
597 692
1097 1106
609 1048
507 584
1007 1038
995 1006
570 809
812 930
537 603
940 1129
552 1066
891 1036
892 1056
516 849
1060 1177
702 1075
864 1199
955 1039
479 923
537 678
965 1200
832 994
1093 1099
646 1082
928 1090
1004 1110
1028 1061
445 702
483 495
1040 1051
889 1182
512 1090
798 945
851 1060
493 864
818 1001
1081 1167
464 699
842 1088
1034 1149
517 1110
863 1049
856 1171
940 968
1017 1191
1082 1170
829 850
697 1071
859 933
645 1023
537 1074
1034 1060
426 1047
928 1187
1112 1114
713 1113
577 1012
1109 1140
1037 1189
799 843
859 1029
1022 1101
902 1126
693 781
1038 1188
968 1137
1081 1095
841 1163
428 971
959 1138
730 745
770 1085
485 827
612 728
544 560
645 889
547 782
436 1008
743 982
918 1200
1002 1168
537 816
1010 1146
503 677
904 1122
954 1192
596 1152
695 798
903 1193
877 1041
670 1185
657 1155
817 1066
1129 1181
819 1069
1039 1084
655 1117
708 856
826 956
1081 1133
1087 1119
737 901
1085 1125
688 1078
937 1070
714 1163
565 1020
1132 1137
939 990
776 1146
903 1078
501 635
702 843
834 917
719 1080
608 889
926 1002
796 847
1003 1092
790 997
777 1108
772 1186
601 825
474 788
673 869
951 1172
701 1051
639 1042
569 832
700 748
671 1078
983 1157
963 965
633 1139
1084 1195
664 1162
589 1121
886 955
478 585
1093 1133
617 815
558 1045
617 1016
502 1038
1028 1199
1074 1150
1137 1191
436 605
1138 1170
1073 1133
816 1069
730 797
845 1152
755 1182
932 1172
1096 1171
614 973
908 1140
826 1055
689 774
459 550
654 688
1022 1023
600 949
526 919
1113 1117
529 604
502 1157
996 1069
986 1043
645 1177
1064 1158
961 1196
1136 1173
477 1162
563 605
550 1200
439 547
508 1033
787 809
501 510
521 805
986 1140
512 702
727 743
558 884
1033 1052
829 1132
748 1182
465 1093
764 1024
530 1023
526 1065
1009 1035
460 976
477 1133
436 856
799 1017
659 898
903 1146
974 1145
932 1012
756 1111
675 978
958 1005
692 998
558 953
543 674
1067 1133
791 923
493 974
570 1169
752 895
826 1149
906 1035
910 1032
444 871
959 1045
595 1150
1087 1095
461 1150
948 952
445 997
715 961
948 1132
832 892
753 761
663 1121
579 646
913 1084
671 852
1041 1161
1139 1157
583 1057
799 825
733 1135
966 1162
566 1072
565 769
1070 1163
727 1030
1075 1196
956 1109
1009 1059
1125 1196
499 1010
1002 1076
861 1064
1103 1196
1089 1192
618 1160
765 905
775 983
656 1009
943 946
985 1191
1117 1192
767 1147
867 1058
565 1159
848 861
992 1070
651 818
484 1174
956 1148
526 787
1086 1186
828 1111
809 1187
935 1126
705 1130
432 805
458 612
783 1004
528 1154
523 1181
502 903
495 560
544 1162
1027 1134
994 1199
748 1089
934 1154
945 964
735 1104
643 772
489 788
692 823
1013 1171
1060 1183
492 737
668 970
1072 1117
1140 1170
964 1100
746 921
575 1111
729 873
1076 1194
564 597
937 997
992 1074
670 1086
794 1181
657 1063
760 1019
512 851
791 953
429 562
943 1028
572 1059
935 1163
740 783
867 904
1106 1197
1119 1149
571 978
1084 1169
949 1055
957 1000
1012 1029
1022 1194
1122 1199
846 1133
677 738
560 903
784 796
1070 1163
1098 1157
877 1078
1126 1139
580 890
481 1132
613 720
1032 1073
848 1111
691 1198
686 722
777 1099
524 624
558 591
514 1190
628 652
1053 1200
432 999
637 677
1028 1084
873 1149
1110 1120
646 1152
781 1194
1032 1054
764 983
601 1173
716 1001
758 971
686 807
965 1195
735 982
461 1162
1067 1086
999 1186
1047 1175
597 1164
820 1171
811 1138
988 1151
932 1016
550 622
819 959
946 1057
444 944
872 1024
634 751
659 1093
638 1109
778 1126
610 800
607 1010
958 1178
668 1036
1095 1140
1113 1133
660 1103
537 612
1024 1170
429 759
476 793
1139 1185
479 860
549 560
616 889
749 1123
770 1070
1106 1172
431 1182
957 1021
1058 1147
1037 1055
1119 1124
598 950
569 1095
420 563
475 847
553 816
527 976
1107 1123
559 976
959 969
892 932
503 627
752 1111
809 895
609 656
1004 1078
607 1114
661 1042
455 535
1119 1150
499 600
816 1015
586 908
731 1080
1137 1155
1047 1130
868 1108
652 1120
496 548
755 824
765 1103
1029 1154
545 706
471 1063
885 1074
423 1115
1130 1146
1002 1110
958 982
985 1046
746 1178
682 911
786 843
1005 1161
675 1162
1011 1093
569 941
581 854
712 720
820 1159
944 1140
510 681
1019 1059
834 1006
521 766
848 935
619 665
1080 1176
779 990
1068 1143
778 946
902 1115
485 806
625 956
1035 1196
1132 1165
420 827
1108 1118
827 1165
433 1183
658 685
882 898
717 1180
762 784
528 1078
594 1090
557 1115
599 1129
914 1021
1098 1114
967 1147
1132 1153
999 1065
531 1158
892 1133
482 598
620 754
1030 1168
467 1154
806 1022
575 867
1062 1085
902 1139
865 1171
1053 1100
1005 1056
968 1151
972 1061
510 812
712 933
887 968
564 688
1011 1190
694 759
768 948
885 1105
1119 1149
429 1087
610 1041
918 1144
473 639
950 1073
487 909
1119 1168
1031 1175
1073 1135
532 592
766 1048
945 1125
839 1002
660 1163
943 1140
836 859
704 1170
831 970
978 1010
838 1141
449 743
1022 1171
666 1126
527 652
464 922
556 880
492 605
743 884
798 1151
1091 1154
880 1069
619 1060
1134 1180
634 1036
797 968
800 985
711 852
685 1142
659 1079
628 1177
1002 1085
613 1092
822 1049
906 915
688 727
890 1070
1135 1196
509 656
1067 1078
834 947
1110 1119
810 992
947 959
865 1115
853 865
480 1036
817 1094
628 1059
497 856
599 1114
759 880
1093 1143
857 1034
696 1114
519 593
949 1065
947 1046
584 680
588 969
894 1193
794 1164
757 1007
1057 1079
729 798
614 826
445 1175
898 942
618 622
1074 1182
893 1143
657 1101
1025 1128
958 1037
997 1005
425 706
515 885
832 1059
669 689
1056 1122
1139 1175
886 1122
821 895
945 1059
852 1103
1016 1091
1009 1167
640 936
767 1129
873 985
795 911
834 1057
517 1096
452 482
962 997
807 1044
766 949
779 1148
912 1178
633 1191
1129 1196
882 1069
1091 1142
608 1129
1067 1184
543 755
860 925
1056 1189
951 1197
519 1061
674 1094
896 950
779 942
864 987
820 1194
1075 1124
778 923
1139 1183
1135 1150
574 1061
1108 1133
1067 1179
1108 1143
479 986
501 1178
592 1024
1067 1185
730 945
642 1039
525 736
968 1199
1123 1161
791 1101
931 1111
773 954
901 954
1110 1154
506 1111
875 1075
999 1178
576 697
665 1155
949 984
801 832
542 926
942 1042
1058 1136
987 1060
875 1168
819 821
513 527
676 1071
856 1109
563 986
821 1087
625 1048
556 984
964 1124
448 891
471 493
1061 1115
683 737
543 990
1092 1171
689 1082
925 1113
1098 1147
839 1061
470 937
968 974
1008 1032
625 826
731 889
779 887
1031 1040
919 1137
623 816
443 715
1009 1147
1128 1153
564 569
444 746
518 731
1019 1053
592 1184
748 1027
519 1011
1073 1191
1070 1136
962 1054
1064 1178
459 1110
723 916
581 863
847 882
601 1169
527 587
1089 1158
947 1043
1085 1130
783 1031
704 955
983 1120
584 1111
484 1066
788 1020
738 1024
871 1033
891 1097
520 885
509 769
1024 1103
800 1071
983 1007
887 1140
761 782
476 1109
480 1080
676 918
532 840
759 1117
939 1178
898 1160
916 1074
804 1047
756 1146
606 857
672 824
587 606
1006 1106
699 1154
652 793
993 1152
668 823
818 919
723 724
929 1129
575 1021
830 1089
480 841
1022 1151
490 1069
421 563
716 870
761 1181
606 771
944 1074
928 1171
1064 1068
483 667
1091 1169
973 1126
462 738
1093 1160
1132 1141
525 914
852 1021
884 1094
1052 1195
762 790
1073 1149
556 1171
447 1135
1138 1169
676 852
490 1116
962 1132
468 1058
828 942
962 1012
1032 1158
1100 1193
814 990
447 1184
916 1076
716 939
425 913
522 659
827 926
776 1155
1128 1159
809 980
514 702
905 1090
1068 1196
632 641
902 1152
785 807
830 1096
1034 1093
1121 1150
820 974
677 1041
532 797
693 916
858 932
1043 1077
683 753
758 1106
965 1059
567 1042
936 1139
1030 1180
429 715
1004 1064
981 1103
1039 1095
995 1185
920 1180
714 850
1090 1129
841 1048
911 915
912 967
847 1196
973 1181
848 1077
860 1185
758 983
459 921
958 1031
997 999
1060 1126
704 762
697 1017
523 780
698 818
803 1126
784 858
802 814
551 562
984 1005
701 1003
851 1143
502 615
637 827
972 1048
1074 1148
1002 1149
883 1121
1100 1103
1128 1132
955 1048
1114 1153
948 1199
1043 1163
1053 1066
591 1080
901 1179
845 1063
695 1171
618 915
696 1185
577 996
687 718
1107 1157
793 797
467 885
776 1006
938 982
875 1079
611 926
838 1023
457 728
894 898
1071 1150
796 885
1102 1118
856 947
465 731
826 1027
470 614
1029 1117
778 874
966 1151
873 937
578 710
523 1083
858 1160
881 1003
427 461
492 886
802 1182
919 1110
683 1088
1051 1090
445 604
813 1120
977 1037
1010 1111
994 1171
527 970
502 1070
747 970
765 841
1000 1031
1101 1177
1007 1161
1075 1126
456 652
464 734
525 713
464 1088
944 1193
494 689
641 995
1137 1147
424 1032
1082 1153
790 1111
1073 1200
862 902
467 682
493 554
792 878
548 643
951 1060
446 1117
477 964
951 990
752 886
666 943
1138 1187
906 981
962 1082
538 753
539 918
1102 1195
462 577
510 1147
763 805
986 1020
750 940
896 1101
846 857
456 1088
1024 1181
807 1064
611 958
1133 1142
763 988
1094 1097
979 987
874 884
650 882
670 1083
685 1032
909 971
802 1094
1135 1180
1067 1137
1064 1178
1008 1022
540 769
831 922
1038 1084
1124 1155
558 804
632 892
965 1076
1119 1199
888 1055
468 666
1016 1122
745 865
1138 1191
598 1063
1108 1198
1035 1145
566 629
757 928
614 894
740 1191
474 903
499 1052
1059 1145
775 847
981 1156
533 1027
1056 1131
441 1003
1125 1193
743 966
426 693
661 868
978 1130
572 927
744 778
718 900
597 935
1001 1184
549 903
482 1009
1074 1172
494 778
897 899
797 1008
1100 1137
493 544
552 751
947 1041
687 1107
949 1115
575 617
615 855
583 1108
685 774
1015 1158
1056 1139
696 1073
808 1071
942 977
1122 1127
1117 1166
1029 1123
436 896
842 851
904 947
695 978
522 741
922 1056
661 1140
889 1137
728 1005
910 929
737 805
791 955
464 960
868 1101
927 1172
814 855
944 1165
979 1150
462 866
1127 1156
1124 1148
892 1164
774 800
683 997
616 934
1063 1195
823 1086
447 895
973 1057
675 998
791 803
583 863
789 1155
1026 1082
804 1120
691 1176
635 1164
554 559
1085 1187
429 980
884 1162
517 539
939 1080
537 753
695 961
826 964
555 1127
940 1146
494 966
696 866
687 829
1124 1165
464 930
1059 1091
715 1037
537 757
1135 1181
589 1079
854 984
757 843
796 948
638 666
460 468
904 982
617 1049
633 1035
576 1120
1094 1184
913 1005
807 892
585 726
493 700
894 959
727 971
545 917
751 943
743 828
535 791
964 1178
1025 1103
681 1059
1127 1156
871 1096
683 860
492 915
955 1137
990 1039
432 818
558 1019
544 700
529 678
514 856
1014 1044
998 1138
1091 1105
771 973
645 891
736 922
665 878
1048 1125
596 723
760 968
984 1106
608 715
606 899
664 1050
428 793
762 958
751 1192
790 1022
776 814
882 1105
725 1164
672 1137
545 681
1099 1166
752 782
742 1163
1107 1175
429 925
967 1129
561 877
721 1026
727 855
892 1017
598 614
735 966
697 780
739 863
493 899
727 1178
850 1033
1109 1114
468 896
835 1198
736 1077
464 817
868 978
596 907
1087 1180
801 1123
936 1163
1028 1189
558 680
521 726
973 1078
817 831
1033 1149
430 541
1082 1093
1134 1179
527 1055
447 1193
807 1182
960 1122
903 1059
922 1162
800 995
791 986
696 1150
1056 1090
894 940
432 1067
854 979
948 1151
997 1165
1023 1111
753 923
542 1030
1096 1106
828 1043
497 1094
780 1017
688 889
1062 1194
708 742
896 1024
560 636
855 952
493 1101
1057 1133
1078 1146
565 895
836 1078
599 730
1028 1037
842 961
825 1001
828 1101
574 877
609 1164
1013 1199
495 1079
569 1141
461 1139
738 826
512 1015
615 964
492 1072
691 1042
979 1143
835 1020
592 600
486 965
761 958
732 1191
679 1010
760 819
910 1063
1138 1159
1138 1147
780 838
787 1108
648 861
598 830
547 1116
856 1171
423 812
424 591
854 1022
1041 1180
444 944
428 467
607 1169
1138 1181
1050 1051
825 890
584 751
867 881
899 1180
851 1008
638 756
771 1000
475 826
942 1041
1053 1088
802 1192
836 1051
869 1107
862 988
892 1001
1034 1184
810 855
861 955
908 914
522 846
926 1058
852 1051
465 804
645 794
815 994
1078 1196
628 747
468 923
431 662
495 1132
749 1062
632 1090
801 1019
586 1168
476 625
873 912
464 710
453 846
1129 1160
765 801
1003 1193
679 819
590 692
641 1167
1021 1045
506 882
434 640
961 1173
719 952
1140 1189
782 1127
822 1151
694 957
823 1039
633 1073
989 1180
809 849
444 923
1067 1164
819 1106
1100 1196
595 1095
556 599
868 1019
886 1140
885 1113
446 948
948 1086
901 1110
959 1155
911 997
507 983
536 689
638 747
845 1149
855 1177
963 1189
928 1115
714 1104
1028 1200
751 759
504 898
1129 1184
831 984
577 890
700 1070
1124 1184
702 846
788 861
871 1057
615 976
1097 1132
832 1152
859 1032
637 814
621 869
1081 1199
734 1114
991 1184
695 947
607 795
513 571
1033 1149
1068 1087
937 1056
690 705
435 637
880 1070
1105 1179
516 832
918 1009
823 1082
1018 1060
770 1083
957 1183
603 776
1135 1186
630 771
1094 1134
1041 1074
953 1012
615 951
456 954
1059 1163
783 997
911 1106
1024 1162
959 1119
1065 1185
880 995
1127 1169
637 1017
904 1049
881 1078
843 1132
1094 1122
628 896
442 1018
810 817
745 1031
620 936
969 1186
1022 1081
665 1102
466 888
762 808
601 708
733 1032
771 1051
1060 1198
947 1024
989 1088
854 1155
597 880
579 1151
809 908
486 525
780 811
641 851
990 1013
489 693
890 1183
963 1135
546 728
440 940
1063 1149
814 914
519 1085
811 1129
935 1167
1093 1109
447 1071
715 1141
1113 1153
505 1087
582 1170
651 995
436 669
979 1016
691 908
1015 1176
1134 1190
481 519
664 986
440 565
643 1117
870 1115
1090 1127
861 1026
778 1000
667 1151
941 1086
745 975
621 778
805 901
534 1156
625 881
981 1184
566 687
688 1113
730 1010
660 1033
607 786
547 736
429 614
761 935
1052 1122
801 901
1125 1152
471 1032
975 1104
1027 1195
979 1000
536 765
533 963
1091 1198
856 1178
1010 1045
1076 1115
825 1097
703 887
861 1041
517 565
420 1151
608 970
718 992
1123 1131
813 1029
1072 1115
1011 1077
695 1138
1060 1089
790 909
465 960
871 1089
659 669
664 970
1031 1090
641 663
1109 1192
650 1144
652 1194
812 966
728 958
676 863
1037 1111
754 1021
637 977
518 1144
867 1071
947 1103
1074 1200
884 1031
1114 1199
629 707
723 1064
453 913
719 1143
732 851
1134 1162
638 963
1136 1165
960 1042
440 1127
540 710
688 1142
856 1071
649 1036
631 885
993 1188
912 1050
607 944
750 1162
691 785
1007 1053
531 1063
429 1047
1094 1102
784 792
947 1032
526 814
463 1129
770 1117
517 589
1128 1176
560 986
1129 1172
786 1115
681 1114
732 1045
906 1084
1067 1190
521 848
510 639
936 1101
472 1183
1050 1071
820 1087
620 1000
578 902
832 1024
827 967
520 623
448 859
832 1137
1045 1132
1026 1069
832 913
634 812
1044 1159
924 1136
818 1147
1079 1137
529 617
530 963
485 527
523 766
860 894
671 1129
855 1182
816 966
1055 1136
1034 1161
614 707
811 1135
896 1133
996 1102
892 1035
507 1197
851 934
1038 1150
464 642
1095 1112
744 1121
862 1096
959 1139
1021 1132
1081 1107
595 984
817 1108
952 1084
799 1176
1055 1124
894 1156
1048 1115
425 700
1094 1186
1133 1191
554 854
855 1035
748 883
537 1184
492 637
1085 1140
615 740
703 1176
815 1137
787 986
889 893
1087 1110
607 1169
792 837
671 1081
723 1017
510 638
720 837
820 979
907 1128
742 1051
806 822
675 983
671 914
429 570
1086 1126
511 955
421 663
759 1054
1077 1192
800 928
964 1046
1062 1197
470 1032
1103 1161
443 583
1069 1149
780 812
670 888
657 916
461 671
599 808
1013 1069
998 1090
594 623
1027 1180
705 846
686 754
793 876
478 913
864 1042
538 1107
850 1047
568 894
959 1146
999 1091
830 978
726 1065
546 909
648 653
1119 1173
969 1055
423 929
460 1074
1098 1164
990 1160
993 1143
942 1010
1113 1177
733 1091
489 1049
779 1135
632 769
484 945
653 1038
822 896
737 905
726 1154
513 1103
1085 1095
959 1138
892 939
732 1033
426 1046
538 1049
696 751
701 1198
708 885
987 1026
1019 1191
892 946
1083 1182
1140 1143
997 1132
498 812
1063 1154
752 1053
666 1042
876 959
653 761
499 1121
571 920
735 937
694 832
1098 1172
987 1136
1046 1180
666 1101
1065 1174
922 1187
1135 1158
708 868
1048 1152
803 980
748 1014
493 702
683 778
480 540
657 869
706 919
454 504
432 544
570 720
579 1042
536 551
856 1031
898 1197
743 970
1109 1141
876 914
575 705
1133 1178
752 958
713 1135
693 855
655 1197
674 858
652 1060
922 1091
502 863
1018 1057
1005 1106
678 1071
904 936
701 831
1072 1188
652 1126
430 1121
910 1055
865 959
513 989
711 713
520 643
1049 1115
669 1155
978 1010
682 900
1049 1128
880 1064
616 928
1124 1146
499 757
1100 1106
918 1085
941 1177
802 810
438 1114
1114 1164
1110 1125
877 1190
505 636
969 1059
1131 1173
1121 1147
495 743
726 1182
988 1086
996 1107
928 1101
676 950
912 1008
917 1047
1064 1191
1118 1158
600 898
960 1018
1041 1115
875 1177
746 1123
659 723
777 875
1074 1127
826 1018
710 1150
970 1188
1136 1145
748 1077
810 1146
612 1088
1016 1195
463 719
1018 1129
509 553
697 1039
898 956
491 1156
558 1199
574 997
811 841
903 1158
457 997
530 882
831 1089
907 952
738 872
728 763
709 946
807 968
820 884
603 909
1137 1179
920 1053
519 1189
479 785
1000 1044
452 523
716 1144
507 654
916 922
498 1097
629 885
725 1098
694 1141
558 1019
1021 1195
658 700
706 1117
729 1037
966 1035
998 1150
471 1187
778 877
441 1049
478 788
703 844
1014 1174
947 1171
482 581
467 634
1006 1067
903 1095
859 947
1076 1086
546 711
633 880
847 964
1051 1074
649 1192
848 1168
844 1167
758 1106
1052 1075
1009 1064
650 814
999 1037
589 1045
976 1002
1137 1198
772 922
810 856
1108 1137
628 1112
472 698
1006 1072
1044 1154
443 596
583 1036
561 809
714 911
628 914
604 701
1088 1141
894 902
924 1079
851 988
1061 1098
1114 1192
420 1164
528 1049
578 791
430 1177
932 1150
511 832
576 938
1136 1198
1023 1079
997 1124
921 1123
444 984
776 1156
1080 1128
971 1139
1137 1187
537 830
989 1033
917 995
900 970
535 1140
592 823
918 1099
874 1078
453 824
924 1106
881 990
776 1070
772 912
724 970
624 754
1129 1158
1139 1185
511 986
888 1029
666 685
954 1073
427 1131
1016 1057
626 698
763 972
584 1046
532 721
422 1063
685 1092
432 677
751 848
1020 1046
1131 1146
1049 1052
551 708
625 837
873 975
1030 1044
1009 1103
591 1103
953 1112
588 650
1024 1115
1065 1126
462 694
646 1033
945 1189
1087 1165
494 586
1031 1096
555 1146
536 876
889 965
718 927
473 822
795 1076
801 944
934 982
783 850
1025 1031
635 642
1088 1176
858 1056
606 1159
924 1154
1122 1192
777 1176
464 869
476 668
739 1159
610 1164
1113 1170
466 1138
562 957
491 609
868 944
670 684
712 907
663 702
1094 1117
1076 1126
999 1094
763 1085
483 678
479 729
612 1048
975 1076
984 1140
605 1057
570 1032
564 673
554 1192
945 1057
716 741
596 1033
1079 1193
453 1093
1111 1166
577 681
611 1147
686 1081
894 932
905 918
1104 1195
604 648
972 994
747 862
758 785
610 1057
743 926
919 943
686 840
602 672
928 1149
1095 1147
541 1099
736 1096
536 1050
1096 1135
682 883
734 960
863 903
827 981
633 943
828 1094
525 592
1044 1051
678 1103
454 1189
573 943
461 580
692 886
452 463
565 679
946 1163
860 1087
1014 1052
1117 1167
600 617
570 865
920 1065
1130 1160
767 1070
526 1042
699 947
533 1045
561 910
652 982
891 1157
866 882
711 1045
642 1180
805 1072
590 841
857 965
793 810
686 1045
736 809
1132 1134
787 861
543 545
551 713
574 849
865 971
585 723
974 1069
1012 1079
636 1125
620 675
1059 1135
1120 1147
1047 1057
442 923
1074 1148
632 1165
661 1015
634 814
606 868
979 1087
512 633
792 828
541 1178
1002 1082
1049 1163
490 1029
1110 1117
484 646
918 1031
1082 1100
458 788
1054 1136
885 1141
1087 1191
833 968
803 952
494 799
1099 1144
931 1018
913 1003
884 1141
808 1025
972 1037
625 1028
819 987
1072 1168
933 1079
727 1103
860 1196
422 818
1051 1177
452 753
454 928
908 944
432 551
485 710
768 832
930 1048
622 1115
1025 1104
1133 1155
570 1004
430 1164
742 1001
1084 1138
1133 1187
853 1153
577 1109
795 1099
704 940
768 1106
459 760
634 761
709 869
907 1192
897 1078
865 1071
883 1124
753 1168
759 974
1036 1183
712 864
1137 1147
1056 1110
496 568
1051 1072
928 1123
434 990
479 809
864 971
1017 1070
763 808
800 829
784 1081
767 1169
917 1157
1013 1181
733 1004
626 945
840 948
607 711
1022 1075
1134 1191
599 1018
605 1001
774 966
1092 1141
425 1055
696 1125
1088 1097
1065 1122
738 1005
794 978
976 1039
458 471
564 1073
998 1048
1031 1131
1137 1161
601 754
542 687
931 1019
651 661
626 697
1135 1196
1107 1110
931 1099
552 572
1074 1122
1063 1134
898 1179
969 1108
796 865
875 962
861 1191
1103 1146
497 914
725 936
872 1125
1070 1177
738 740
644 1146
677 698
516 545
1015 1122
712 1160
929 1104
909 1172
922 1005
921 1083
801 1064
667 836
1058 1109
548 1024
1122 1147
739 835
545 650
1041 1131
423 599
660 873
703 706
630 805
891 1100
675 1129
443 735
1099 1141
421 657
668 723
1006 1036
1040 1143
627 940
1050 1175
497 1050
481 937
725 745
501 963
848 947
681 866
503 1015
524 974
482 661
581 732
1140 1165
562 564
933 1019
579 720
1038 1042
550 936
1089 1128
901 1081
1099 1129
985 1018
534 860
965 1101
728 1022
811 837
1001 1168
493 784
489 1071
737 821
780 890
974 1116
456 784
809 825
757 1191
953 1075
914 1145
432 455
1072 1104
937 1130
561 1185
686 793
1032 1033
749 917
550 1018
746 781
685 733
501 558
510 908
940 973
1120 1162
986 1082
786 1142
663 976
792 843
1134 1179
609 1060
446 1085
908 1011
830 931
762 1117
752 897
420 536
692 967
673 1092
863 975
807 1178
711 739
856 922
582 871
887 1079
456 827
922 1100
754 950
753 1003
634 903
437 720
1063 1158
709 1173
786 1004
580 1036
725 1184
1132 1144
727 1043
536 1165
1018 1113
477 910
607 896
1091 1117
1026 1112
758 1111
697 1081
943 1074
1106 1183
573 805
604 1094
1048 1190
1105 1146
852 1192
884 1184
843 875
1117 1118
1139 1181
646 860
1034 1200
503 1159
883 1042
686 972
808 1094
601 605
836 883
1128 1133
756 1024
512 625
484 1121
747 1117
421 711
778 815
644 764
755 874
915 994
435 600
1113 1173
466 700
722 901
455 882
1096 1173
981 1176
711 988
923 1064
861 979
825 980
1043 1068
677 701
925 1000
625 778
723 1004
616 1199
733 1163
950 984
1015 1023
945 1070
1094 1115
833 981
1040 1085
590 740
829 1071
467 990
436 491
1072 1168
726 926
667 1140
798 843
804 937
929 1007
447 999
983 1041
643 886
812 1082
651 1168
807 875
464 1015
1050 1103
966 1145
880 988
545 1058
913 1052
533 1198
844 1108
632 909
430 480
1087 1197
1012 1112
811 1042
869 899
552 924
801 1060
422 533
428 508
972 1035
789 1191
1007 1021
719 867
549 1105
768 1132
434 886
752 812
732 1154
498 614
1034 1124
1034 1135
889 994
689 910
601 657
1137 1184
679 751
530 560
715 1016
424 535
623 1005
607 1137
857 1162
1123 1186
727 1037
444 1099
430 864
570 811
1059 1105
993 1008
995 1172
714 1194
613 702
544 665
1121 1188
905 1097
992 1061
522 1182
1112 1170
757 1006
866 1030
797 1084
724 751
603 868
852 1114
737 1122
894 1028
695 943
928 994
489 1087
893 1019
1081 1151
459 1065
553 746
424 742
1077 1129
1082 1084
902 1197
636 1141
820 928
425 715
1025 1195
1118 1192
923 1088
705 722
805 909
688 1158
501 1008
764 921
543 892
604 1058
598 1069
685 1011
864 1196
661 754
483 773
557 1059
660 885
480 1151
480 503
620 709
975 984
1094 1116
1086 1175
661 717
736 1060
828 1075
599 1112
1001 1150
686 1014
881 1043
711 763
464 607
873 982
653 666
472 628
1098 1147
1135 1146
742 1086
952 1100
609 747
969 1037
1082 1184
666 880
714 1079
489 1194
1058 1177
1068 1144
1041 1077
637 1006
1051 1190
521 1123
434 470
1032 1062
1047 1129
986 990
730 746
1034 1081
424 1005
535 1182
577 673
470 482
454 989
716 883
596 884
1025 1167
963 1098
951 1127
547 596
751 896
906 1024
683 1197
1125 1194
652 674
1059 1098
814 1189
683 794
817 827
1110 1195
744 1153
964 1118
699 852
444 883
609 979
575 1012
976 1072
761 912
618 866
722 1037
426 1008
1092 1100
1095 1149
633 1017
836 1144
728 906
822 1032
480 1167
945 1138
698 1133
476 783
695 754
563 1041
478 1070
536 654
1026 1071
600 1001
711 726
599 984
598 982
691 1133
779 780
807 1113
567 785
512 731
492 796
996 1115
889 1009
469 1169
592 1187
518 700
550 659
668 890
952 1143
1013 1166
828 1009
693 1131
460 678
1016 1144
714 795
569 858
764 1193
925 1043
910 1198
521 947
428 626
892 1016
514 838
910 1054
599 806
431 820
727 1125
734 1167
528 582
815 935
426 764
694 816
649 1049
874 1176
620 803
831 921
755 1092
999 1089
659 928
587 821
951 987
458 1076
789 894
914 971
1028 1099
1014 1144
429 627
452 943
463 513
785 926
963 1043
846 1051
861 1156
585 1023
1079 1145
785 1103
879 1096
631 887
742 1158
616 1050
611 901
881 1172
818 1114
500 759
750 1033
585 957
1082 1105
534 1166
585 676
978 1069
515 903
695 749
1114 1151
770 905
557 872
637 1192
512 926
801 858
939 1078
692 754
428 1187
1138 1195
548 953
782 995
617 696
1090 1159
529 1123
538 928
906 916
933 1019
490 781
893 1044
1025 1117
520 723
937 1137
1074 1097
551 952
522 870
895 1181
641 829
696 756
539 596
460 855
1077 1162
631 656
1016 1200
885 909
680 803
696 1154
801 1074
741 845
466 651
527 1014
1032 1123
907 1146
657 1030
1137 1160
624 995
781 908
947 948
936 1047
720 895
899 976
557 870
765 1031
1134 1165
765 911
454 887
781 1113
540 737
1073 1121
1021 1110
939 1076
521 823
1067 1089
913 974
481 1101
745 817
781 1166
1016 1107
906 962
977 1000
1068 1090
791 1139
744 1183
791 1053
809 979
777 910
819 1081
787 798
910 983
422 615
826 858
767 810
523 535
486 1152
1037 1181
974 1178
962 1104
816 1062
677 1045
651 970
548 1174
673 924
798 1097
1125 1148
707 937
426 1082
480 740
748 948
1134 1141
635 964
774 930
1117 1194
918 991
1012 1031
436 903
514 1019
463 1093
1036 1058
695 742
851 1124
475 868
1014 1155
514 1133
712 1129
1032 1167
760 1124
579 762
658 869
559 1000
449 983
1079 1105
841 997
953 1082
828 1126
446 854
485 1184
1097 1120
927 1086
587 1113
460 654
793 1012
903 1168
1028 1042
758 825
902 982
1109 1182
882 956
1131 1180
804 866
986 1079
518 752
586 637
856 1119
872 1143
810 864
1058 1126
988 1188
1028 1177
512 810
452 802
478 1068
996 1067
1072 1194
957 974
888 1006
581 966
435 731
870 1031
932 1035
840 905
1107 1198
466 693
1129 1182
732 979
477 508
754 846
717 725
549 591
682 976
722 936
730 880
978 1129
640 1121
907 970
521 637
499 983
642 1083
838 899
1028 1156
428 554
502 1095
913 1039
892 1100
658 1040
843 855
477 1073
993 1170
560 790
869 932
537 1002
622 719
1102 1179
1096 1107
507 1090
785 1008
437 1031
1105 1112
769 1133
839 1182
812 1199
462 1107
1047 1058
1137 1138
871 908
1097 1106
1023 1047
612 856
732 951
777 928
485 647
487 591
690 859
1127 1183
758 847
820 925
788 869
467 597
591 929
1103 1195
756 1198
570 937
438 488
684 733
486 600
710 788
1139 1164
620 823
1098 1142
1056 1132
917 970
423 1022
1114 1134
513 625
533 830
507 1179
508 1022
1095 1198
557 932
793 1180
766 1138
710 828
741 1051
947 1160
760 941
594 939
882 1029
659 691
923 1149
542 1193
962 1129
511 559
529 1102
1119 1172
870 1054
621 714
748 961
926 1133
1120 1140
948 1045
521 640
881 1009
693 974
545 1066
462 1089
816 903
516 575
1009 1151
950 1017
986 1157
491 521
843 1121
827 1134
481 868
838 940
706 792
420 643
494 601
1026 1130
815 1177
673 1175
577 1143
498 735
928 963
1126 1184
487 986
1094 1196
781 802
890 1130
447 961
607 1127
495 907
566 805
452 588
787 1110
1137 1197
756 926
721 1004
573 880
824 981
610 866
1023 1029
538 1150
572 1038
491 553
622 724
887 1164
867 915
874 904
719 930
967 999
504 1128
806 988
1098 1118
947 1058
562 890
615 1041
918 1035
931 1013
1023 1165
1119 1146
837 1016
632 974
1140 1174
1042 1074
1020 1187
515 860
862 1013
1075 1095
803 840
516 752
603 871
739 813
563 982
480 910
423 1029
1039 1192
930 999
1080 1198
586 767
1038 1169
1106 1122
880 1050
1019 1036
536 1148
725 859
776 785
1084 1123
887 933
513 1038
533 742
930 1055
676 792
572 584
459 935
944 945
636 637
775 1079
483 1189
802 933
1110 1126
586 989
989 1197
516 627
1000 1057
717 981
570 921
472 552
634 1131
935 1040
1021 1176
678 1163
474 886
831 1053
1105 1156
1065 1192
592 1040
444 487
490 1039
541 895
639 780
1055 1170
991 1079
571 1136
507 1062
951 1010
759 800
838 943
858 1057
1066 1109
500 1101
909 960
848 1029
1096 1169
1128 1149
988 1055
509 1137
943 977
906 990
425 869
750 945
614 1072
489 506
703 988
1024 1184
685 1042
841 872
437 1122
424 571
481 607
453 1194
543 1190
1011 1043
459 962
1080 1114
593 870
1062 1178
533 818
968 1155
800 953
563 606
961 1133
616 617
807 1050
517 937
876 1044
1029 1044
961 968
729 792
732 1056
749 941
976 987
1080 1178
650 948
495 905
1126 1177
499 706
743 823
998 1187
1076 1184
820 1062
623 829
807 1022
708 956
870 1153
650 859
662 722
663 912
862 1166
778 894
1012 1085
751 1073
1078 1095
422 667
521 1071
738 1086
1004 1025
536 592
966 1135
592 1197
889 1077
562 942
783 1042
772 1113
748 868
1021 1154
595 1189
745 854
712 737
671 701
783 978
966 1200
854 863
681 877
766 1020
1137 1171
583 656
1037 1116
716 1039
854 964
931 1074
825 836
475 960
1099 1195
811 1090
1069 1177
1058 1121
1061 1157
561 1050
805 814
1029 1104
1119 1191
710 1091
691 1110
778 1104
1027 1140
829 1099
797 798
449 543
599 622
863 1053
946 975
524 807
1047 1084
537 705
907 1119
643 855
910 969
696 872
1038 1131
975 1131
981 1113
1137 1178
570 903
1018 1200
523 706
918 1066
756 835
682 757
639 888
422 544
732 761
585 957
852 1194
746 904
770 832
607 830
967 1131
1070 1097
566 621
759 791
793 1194
446 617
806 1194
869 895
879 1126
943 1136
492 1020
538 1162
586 970
536 790
575 896
777 812
823 925
1131 1175
629 1152
781 1104
919 1160
560 895
960 1189
986 1173
723 981
1116 1128
751 888
1050 1160
907 1176
501 942
868 1031
531 578
927 1085
1097 1108
433 905
494 728
921 1043
836 937
734 760
534 1173
1068 1099
753 915
583 828
707 1066
532 1006
1029 1058
566 804
944 1174
1108 1157
795 838
541 949
700 702
937 1099
916 1146
975 1176
1071 1101
762 798
859 906
747 1101
805 838
957 1174
451 1129
873 939
688 945
443 647
1034 1188
955 1164
1108 1139
1004 1165
819 1161
843 1141
982 1023
909 1094
663 684
908 1022
464 569
530 631
1120 1135
763 988
1118 1132
924 1015
697 905
919 1088
532 903
445 813
554 683
692 1093
783 1089
920 988
695 1053
741 937
460 844
644 1086
880 1153
589 868
975 1166
427 877
432 703
639 877
594 1153
716 1082
616 704
577 1078
1077 1193
487 663
581 1197
865 987
578 788
546 849
1043 1175
910 926
978 1127
798 913
843 887
788 1139
426 840
434 906
1009 1087
805 1170
787 906
585 984
766 1070
1118 1158
961 1016
1080 1093
743 1077
676 1064
696 880
886 1082
740 827
465 1125
488 1041
878 885
438 572
738 825
555 745
510 898
949 1005
456 575
563 601
620 663
1010 1130
821 1115
822 1190
917 1091
731 902
970 1099
449 851
879 1171
551 593
1085 1172
454 616
585 831
482 857
423 538
851 945