849 861
990 1127
677 842
1248 1385
730 1024
514 590
888 918
1246 1432
536 808
403 657
876 1095
621 631
1010 1172
1030 1321
1070 1347
433 563
412 527
231 323
1019 1297
950 1249
503 697
25 295
709 905
217 311
911 1151
25 310
294 326
758 859
836 1050
718 805
1097 1272
289 535
162 399
387 527
1053 1245
31 157
1065 1339
120 202
724 815
1215 1277
694 764
591 842
383 532
289 441
17 239
365 635
352 461
1195 1238
305 365
1197 1299
915 1022
111 350
872 933
563 579
1213 1433
583 856
62 349
1298 1430
89 307
489 547
720 914
681 790
28 198
987 1074
1255 1394
1171 1431
871 890
902 1177
488 534
998 1236
1138 1404
1227 1397
631 755
898 996
1137 1223
739 924
188 362
1291 1338
161 272
1264 1310
644 791
714 963
828 1113
430 564
1059 1342
17 83
999 1116
735 904
412 680
1232 1318
948 1088
187 369
704 942
1162 1186
449 718
450 742
500 767
53 88
375 542
445 642
170 214
262 314
172 391
490 774
1211 1438
571 712
480 577
1281 1430
189 246
920 1086
1095 1302
922 1173
556 815
1284 1432
379 455
919 1031
684 764
1153 1417
610 785
381 589
60 355
339 385
1098 1373
228 253
596 608
919 1152
112 370
1069 1335
1098 1202
1073 1222
1194 1416
72 160
820 962
773 814
58 320
783 885
412 698
952 1159
806 1066
229 349
1176 1386
768 828
637 835
629 814
417 561
595 639
342 501
437 593
298 464
1265 1437
1036 1093
1123 1391
104 399
246 472
711 787
317 526
618 747
698 792
841 997
446 710
941 1170
767 918
963 1118
1284 1436
1289 1436
1188 1349
452 619
444 599
1019 1166
702 936
432 452
568 616
1015 1167
651 842
70 170
503 531
1276 1323
687 736
1215 1253
255 539
1191 1428
1163 1331
445 685
1287 1434
245 465
1065 1221
1204 1349
1138 1330
34 124
1152 1438
402 472
491 572
391 663
1112 1257
191 341
1011 1081
205 377
1271 1299
677 925
1190 1204
291 533
1250 1430
238 255
1207 1313
1081 1149
770 961
12 270
608 688
1243 1438
1085 1362
468 715
813 954
515 767
50 340
880 930
1131 1148
675 686
713 881
309 357
547 756
427 520
656 932
450 494
785 992
945 1210
1107 1377
743 871
693 841
1293 1430
200 365
489 519
1181 1263
1134 1281
484 660
378 444
715 950
1041 1275
880 1024
612 718
1046 1143
151 347
633 741
1111 1150
886 1014
986 1118
59 149
237 379
349 567
1108 1207
1198 1435
218 457
1107 1296
607 776
311 567
877 890
1209 1397
167 294
931 1010
1032 1082
953 1169
967 1115
1037 1320
1278 1433
277 350
1149 1266
439 465
361 604
417 557
936 1106
1134 1228
433 587
1074 1323
231 256
272 431
1064 1126
31 257
609 857
326 491
443 583
753 928
1119 1170
465 652
868 1014
462 735
524 650
867 1106
343 372
930 1166
221 247
1029 1283
1109 1249
370 428
97 237
834 891
753 764
494 744
142 183
167 408
803 1079
518 644
1240 1269
387 463
245 347
635 708
1051 1156
41 189
804 1010
284 377
1019 1108
287 535
735 968
1078 1328
898 1078
986 1175
585 868
1286 1358
467 480
688 969
957 1127
490 521
684 724
1075 1268
954 1088
874 994
1268 1332
753 771
191 274
694 861
1138 1227
931 1002
964 1075
1197 1275
136 148
641 940
1264 1434
16 235
795 1022
793 939
400 694
805 824
1254 1431
176 295
684 809
618 774
55 262
1098 1365
1124 1236
40 247
307 442
445 523
1165 1212
998 1282
1219 1434
733 926
678 745
939 1095
205 454
23 85
123 213
108 386
1200 1235
213 321
4 183
479 622
1133 1156
1159 1355
36 267
83 129
674 894
495 727
881 1077
1170 1286
1067 1156
1241 1268
992 1052
396 568
1277 1432
639 840
1234 1434
603 803
976 1147
1058 1150
474 569
1005 1271
516 768
498 732
1299 1435
847 1043
369 560
411 658
730 777
1032 1063
519 694
1172 1320
1020 1148
836 926
822 947
404 488
766 780
428 714
707 977
52 70
646 832
1244 1273
952 1069
172 296
208 327
562 742
440 621
251 341
328 628
89 288
21 87
788 1037
502 559
544 683
589 651
819 986
644 814
1109 1129
1133 1303
1100 1252
1187 1247
874 1026
704 759
334 396
698 973
242 357
861 972
1108 1326
1251 1434
753 852
232 506
968 997
996 1020
520 694
1192 1430
1023 1234
608 698
491 537
248 419
550 717
244 451
500 750
866 967
576 601
333 361
678 933
79 316
1079 1138
376 648
1106 1142
71 162
1077 1336
165 295
470 550
504 648
511 723
760 867
78 153
842 950
362 502
362 379
383 551
899 1139
588 714
517 684
1155 1304
1167 1379
1237 1279
706 882
812 1111
754 776
247 508
702 939
608 829
823 873
1298 1386
386 526
794 867
153 403
664 715
934 1162
1062 1074
503 772
1234 1399
1226 1358
42 329
498 573
681 814
49 306
205 264
1195 1340
777 906
1000 1210
1038 1153
300 335
533 702
534 571
971 1030
994 1275
569 748
1093 1163
784 877
35 46
107 223
149 362
1080 1132
642 690
1064 1266
1045 1334
440 655
904 1033
709 736
1037 1068
60 76
1109 1246
142 345
619 677
179 218
1253 1430
357 454
777 953
1208 1244
1289 1359
75 355
1188 1365
1018 1249
144 312
426 521
386 515
539 621
505 801
164 405
11 259
610 835
433 503
245 538
994 1195
255 494
1158 1411
102 281
547 702
272 464
817 947
667 940
1279 1390
465 710
977 1041
62 353
566 758
1132 1265
1207 1432
329 536
50 236
201 455
1112 1403
1232 1412
672 864
652 906
75 138
1256 1438
1133 1295
276 495
747 841
619 917
882 958
11 296
947 1015
763 1042
108 254
1259 1436
285 387
1123 1222
1264 1302
642 829
874 1015
157 427
257 506
336 499
1282 1390
353 629
647 731
895 926
820 964
123 302
903 1169
1280 1430
1023 1176
462 711
173 459
1118 1290
643 699
1087 1135
1289 1429
1080 1177
1080 1362
1060 1087
847 1068
430 441
654 773
539 723
109 259
691 765
861 1106
296 578
1187 1267
937 1150
465 532
676 934
1288 1330
628 732
136 364
216 486
817 987
1076 1173
149 362
969 1216
882 1088
826 911
506 597
677 959
331 368
885 956
1183 1240
471 615
896 1135
1065 1297
408 428
413 646
693 746
502 712
761 809
589 866
1 198
195 403
860 1143
134 274
1228 1366
658 856
915 1080
651 924
125 368
438 496
229 254
27 230
391 442
156 241
498 661
850 958
1 159
895 970
374 575
430 548
439 734
1073 1126
252 475
111 167
899 1129
383 615
1288 1438
8 193
650 688
1038 1110
316 524
683 732
490 552
1193 1369
48 220
954 1226
744 758
594 782
734 921
1131 1321
25 183
1168 1379
359 405
1092 1271
1045 1276
18 69
765 845
809 889
1290 1439
43 284
134 300
1209 1304
1090 1329
1181 1374
602 784
244 502
665 679
344 509
1117 1296
973 1054
1249 1406
1278 1436
1024 1324
440 489
710 877
595 753
819 1054
1219 1371
999 1134
392 633
572 809
314 584
1022 1193
760 805
514 541
1251 1432
445 466
803 837
853 931
566 784
306 371
254 539
310 353
237 515
164 392
1049 1210
749 834
107 358
722 747
1157 1240
323 503
304 433
612 850
1079 1171
481 658
125 322
264 329
1001 1167
989 1004
194 280
115 299
944 990
1257 1437
363 616
422 651
625 736
952 1000
1004 1053
246 297
659 728
1226 1435
1137 1392
51 179
198 299
419 497
886 988
643 668
1272 1414
773 799
1076 1369
1249 1397
760 922
716 859
963 1240
834 891
1251 1339
187 391
1109 1294
178 293
559 713
140 404
1190 1439
143 350
169 340
1034 1334
1214 1437
580 601
48 240
895 1122
184 240
1141 1415
1271 1432
1294 1438
776 786
20 270
858 1084
762 814
1054 1147
635 859
534 712
967 1139
1140 1268
472 559
656 872
289 554
921 933
1126 1406
546 706
857 924
106 308
332 575
77 263
1083 1099
1212 1435
908 1126
912 1211
717 772
272 470
269 408
1127 1289
1079 1217
1182 1435
146 358
955 997
396 622
743 790
566 619
137 414
738 766
394 652
618 772
836 1013
1194 1348
510 669
156 360
251 275
311 397
902 1182
462 756
518 676
194 489
1115 1219
615 629
320 556
655 754
248 369
840 862
201 241
1186 1408
820 1045
390 560
730 743
329 463
650 796
849 980
178 228
807 1012
585 840
910 1165
1277 1353
1223 1293
733 953
1196 1435
446 738
1155 1404
535 653
874 1000
456 648
650 670
631 832
56 305
72 156
525 641
89 221
791 833
884 1115
729 859
478 747
520 694
950 980
1207 1436
1066 1190
790 969
698 943
697 902
534 793
417 652
1247 1375
1005 1268
734 819
131 265
30 176
452 573
227 328
428 708
889 1118
1045 1158
1168 1430
1216 1384
214 371
455 678
158 380
1075 1367
281 375
940 958
696 712
750 831
66 201
901 1127
1026 1079
561 584
793 1065
277 352
414 568
640 689
691 717
1028 1165
115 234
642 834
1015 1205
1038 1102
43 80
1025 1274
219 353
902 1023
1174 1321
226 413
500 740
90 123
1066 1165
1147 1383
21 321
734 830
963 1136
904 974
668 855
102 319
105 319
296 490
774 1045
1224 1301
321 457
913 1191
323 372
720 966
571 634
786 1083
546 784
1217 1432
480 729
1235 1245
94 139
936 1068
376 605
1064 1296
715 758
1299 1436
511 802
1246 1363
136 319
801 889
283 455
664 769
944 1220
1228 1434
946 1003
580 703
522 767
763 1028
1076 1372
740 1034
1096 1244
1231 1307
1168 1373
1241 1430
1007 1209
942 1171
896 1036
341 635
337 461
823 1031
539 806
