277 2 38
15 2 16
193 8 10
110 10 6
490 2 35
228 2 29
186 5 11
189 10 7
348 3 36
265 5 24
399 5 8
223 8 10
140 10 15
181 11 32
957 3 30
561 3 36
257 6 40
40 8 10
174 8 9
394 11 7
991 1 29
295 5 30
732 6 14
429 5 12
167 5 18
690 9 39
253 8 6
473 11 31
211 11 9
808 1 10
987 3 27
546 1 24
288 2 30
329 3 6
463 3 17
549 6 19
945 6 40
903 9 38
70 8 16
204 8 34
162 11 14
759 1 23
979 4 18
542 3 7
762 6 15
896 6 33
63 5 37
500 6 24
679 8 34
238 6 9
720 9 23
417 8 13
21 8 34
899 11 22
838 1 25
375 11 10
796 4 19
493 3 18
713 6 20
451 6 10
933 9 14
850 11 30
192 11 23
747 4 22
530 6 32
750 9 20
447 8 21
488 9 34
667 11 26
405 11 25
960 4 5
743 6 19
701 9 35
835 9 18
439 9 12
618 11 15
735 7 26
990 4 7
865 9 8
944 9 28
214 1 37
131 3 10
427 1 16
210 3 26
506 1 38
43 11 18
640 1 22
244 1 14
423 3 6
161 3 21
202 4 16
339 9 17
457 1 25
61 1 8
591 1 19
195 1 6
811 4 21
112 3 14
332 6 25
115 8 26
156 9 23
552 9 18
290 9 7
73 11 7
274 1 17
408 1 33
12 1 28
191 3 36
232 4 29
452 7 39
149 6 16
369 9 21
286 11 38
924 2 25
487 1 10
24 11 39
662 2 39
445 4 17
579 4 38
665 7 20
100 6 37
623 10 15
320 9 13
741 2 22
262 4 38
396 4 9
836 10 30
533 9 18
970 10 17
271 9 31
692 2 37
389 1 11
912 5 18
871 4 24
213 4 22
650 5 13
347 4 30
130 6 18
653 10 19
905 2 21
643 2 34
863 5 32
560 4 10
780 7 18
866 10 29
384 7 12
563 9 11
301 9 11
342 10 28
942 5 35
859 7 28
900 8 15
597 7 15
817 10 24
421 10 25
951 10 24
555 10 23
935 2 18
893 5 40
631 5 5
810 7 32
634 10 35
927 3 7
930 8 40
847 10 18
923 5 24
840 7 14
869 11 40
76 1 15
106 1 27
147 2 37
64 4 25
22 7 28
360 2 9
57 1 21
98 2 9
15 4 22
235 7 39
193 10 37
573 2 9
177 2 16
94 4 34
448 7 19
52 7 8
786 2 35
87 1 22
128 2 18
524 2 17
348 5 5
482 5 25
223 10 23
644 3 30
778 3 19
695 5 31
478 7 25
519 8 32
216 7 39
257 8 22
436 10 27
857 3 31
554 2 9
595 3 22
158 2 14
774 5 21
378 5 38
292 2 35
116 5 11
336 8 33
33 7 12
690 11 25
253 10 28
387 10 30
808 3 33
725 5 18
67 5 8
683 8 20
246 7 14
903 11 29
507 11 7
466 10 37
70 10 37
204 10 18
842 1 18
625 3 15
322 2 31
363 3 35
542 5 17
762 8 26
896 8 7
720 11 24
417 10 7
458 11 28
21 10 35
155 10 14
576 3 14
534 6 22
317 8 19
451 8 9
234 10 29
671 11 37
872 1 32
275 11 23
789 3 5
967 9 30
530 8 27
750 11 16
447 10 26
823 1 28
826 6 35
743 8 38
305 11 29
902 1 14
835 11 22
439 11 14
819 3 5
914 11 11
990 6 22
814 9 34
944 11 28
1 3 11
214 3 36
131 5 33
427 3 13
210 5 29
168 8 34
126 11 23
506 3 34
640 3 40
244 3 16
161 5 28
202 6 24
381 8 10
77 11 12
719 3 40
281 6 18
332 8 39
373 9 13
552 11 21
753 1 18
491 1 17
274 3 8
628 6 24
232 6 37
669 7 21
191 5 15
586 9 19
369 11 26
966 1 23
924 4 38
528 4 11
225 3 27
662 4 35
882 7 19
49 6 14
183 6 13
799 9 29
403 9 13
917 1 8
521 1 29
958 2 32
58 11 6
741 4 7
438 3 26
42 3 11
658 6 25
262 6 27
176 3 33
354 9 24
137 11 22
271 11 15
472 1 23
558 4 32
954 4 37
255 3 12
650 7 32
829 9 15
870 10 37
433 9 30
347 6 30
130 8 29
350 11 13
947 1 6
988 2 7
685 1 9
905 4 21
509 4 13
946 5 31
468 3 17
643 4 7
863 7 20
467 7 21
384 9 7
764 1 17
805 2 36
722 4 30
942 7 13
460 4 17
639 6 20
680 7 34
900 10 10
418 7 29
756 2 29
935 4 16
539 4 8
497 7 15
414 9 31
851 10 24
969 2 23
927 5 26
710 7 28
844 7 32
930 10 32
668 10 22
881 10 11
915 8 35
698 10 14
911 10 16
76 3 14
110 1 13
189 1 33
323 1 29
106 3 11
64 6 30
360 4 32
98 4 7
15 6 22
101 9 22
235 9 40
790 2 38
573 4 28
135 7 19
52 9 12
390 4 39
348 7 15
482 7 23
3 9 8
686 2 10
820 2 20
383 1 37
424 2 27
603 4 17
121 1 28
162 2 38
644 5 38
778 5 34
79 4 35
165 7 14
82 9 29
771 2 35
857 5 21
375 2 40
991 5 32
158 4 34
595 5 34
292 4 35
512 7 18
75 6 27
553 8 14
732 10 17
588 2 12
674 5 24
808 5 18
412 5 16
945 10 20
67 7 15
683 10 33
801 2 10
842 3 39
759 5 32
363 5 33
845 8 34
322 4 33
146 7 5
280 7 10
803 11 20
762 10 16
321 8 40
63 9 32
104 10 34
921 3 19
659 3 10
442 5 34
359 7 30
317 10 16
754 11 12
451 10 38
830 6 22
393 5 31
351 8 33
833 11 27
967 11 15
823 3 29
960 8 21
564 8 31
902 3 37
819 5 13
860 6 11
997 11 30
735 11 22
814 11 24
948 11 33
890 6 8
1 5 7
256 2 33
214 5 8
73 2 9
427 5 40
327 3 14
506 5 30
244 5 10
381 10 25
119 10 17
540 3 33
237 2 19
61 5 22
498 6 24
195 5 15
281 8 23
415 8 30
198 10 19
836 1 37
574 1 37
753 3 30
54 2 21
577 6 11
95 3 6
628 8 33
232 8 7
452 11 30
190 11 18
570 3 23
308 3 5
745 4 28
924 6 21
46 3 12
225 5 37
662 6 34
445 8 35
882 9 31
183 8 22
665 11 13
866 1 36
1000 1 13
604 1 19
958 4 9
125 3 39
655 3 10
259 3 26
875 6 7
479 6 32
658 8 27
437 9 16
616 11 22
354 11 25
555 1 5
734 3 39
338 3 22
954 6 25
255 5 27
296 6 29
650 9 5
213 8 10
433 11 18
567 11 36
171 11 38
551 3 25
685 3 27
726 4 12
946 7 34
643 6 24
247 6 36
729 9 25
863 9 37
646 11 20
250 11 39
543 4 17
326 6 17
460 6 39
942 9 17
680 9 14
201 11 19
756 4 29
935 6 34
976 7 33
714 7 25
893 9 29
497 9 9
934 10 27
414 11 21
627 11 32
923 9 38
964 10 23
915 10 26
193 1 31
10 1 19
147 6 16
22 11 30
619 1 18
402 3 9
140 3 13
181 4 33
360 6 30
98 6 27
436 1 30
174 1 6
394 4 10
573 6 39
177 6 40
135 9 25
253 1 31
473 4 13
390 6 32
128 6 14
348 9 40
482 9 15
903 2 9
204 1 5
686 4 15
820 4 25
424 4 12
778 7 11
341 6 32
299 9 7
679 1 31
720 2 14
899 4 13
21 1 31
458 2 15
241 4 32
375 4 36
158 6 19
378 9 5
512 9 31
116 9 37
933 2 33
33 11 21
234 1 16
850 4 29
454 4 32
192 4 9
808 7 12
412 7 6
109 6 29
150 7 5
766 10 12
329 9 22
370 10 35
67 9 6
750 2 36
884 2 30
488 2 9
708 5 33
9 4 11
625 7 38
363 7 20
845 10 8
542 9 39
583 10 38
701 2 24
835 2 39
838 7 21
879 8 5
180 7 16
796 10 33
400 10 19
534 10 40
518 2 7
652 2 6
789 7 6
830 8 33
731 2 8
823 5 6
606 7 37
826 10 11
944 2 22
902 5 22
819 7 33
860 8 27
777 10 9
818 11 25
936 3 19
677 8 36
6 1 7
126 2 15
43 4 39
339 2 17
77 2 14
256 4 32
80 7 16
115 1 14
156 2 14
290 2 33
73 4 19
293 7 37
427 7 32
31 7 16
369 2 8
503 2 33
107 2 9
286 4 32
327 5 5
506 7 37
68 10 28
202 10 18
582 2 24
623 3 25
320 2 36
58 2 25
144 5 36
278 5 20
195 7 35
281 10 18
795 2 10
836 3 39
574 3 39
357 5 17
95 5 31
577 8 37
274 7 29
494 10 20
366 10 32
350 2 39
787 3 21
88 2 38
570 5 14
308 5 25
46 5 21
266 8 6
445 10 23
49 10 37
882 11 26
183 10 20
866 3 22
604 3 38
783 5 25
824 6 10
342 3 24
125 5 40
345 8 34
479 8 25
262 10 30
699 11 24
437 11 8
817 3 31
338 5 15
472 5 33
558 8 28
954 8 35
255 7 28
733 9 35
912 11 28
475 10 11
213 10 25
851 1 16
634 3 6
854 6 37
988 6 28
592 6 25
551 5 20
726 6 24
946 9 17
643 8 25
247 8 32
863 11 14
981 3 21
805 6 37
722 8 14
460 8 35
942 11 20
284 11 18
881 1 19
418 11 29
798 3 22
756 6 12
976 9 6
539 8 14
893 11 16
927 9 10
710 11 16
911 1 7
869 4 29
923 11 24
18 2 16
193 3 25
110 5 8
10 3 22
189 5 11
147 8 29
89 3 27
619 3 29
223 3 33
181 6 7
519 1 19
436 3 39
40 3 39
174 3 6
177 8 6
135 11 17
470 1 13
253 3 5
473 6 25
607 6 27
211 6 19
431 9 30
128 8 9
348 11 19
945 1 37
86 11 28
683 1 38
287 1 19
466 3 36
507 4 40
686 6 22
204 3 19
162 6 9
79 8 18
165 11 36
762 1 10
299 11 37
896 1 15
500 1 13
238 1 27
417 3 24
458 4 11
21 3 15
241 6 10
678 7 6
857 9 20
375 6 31
158 8 18
975 1 38
116 11 12
713 1 39
754 2 39
317 1 5
671 4 21
757 7 31
234 3 5
454 6 18
192 6 6
674 9 26
808 9 26
849 10 20
546 9 40
109 8 39
150 9 14
967 2 14
530 1 14
750 4 34
447 3 5
884 4 37
708 7 35
405 6 25
446 7 25
625 9 27
363 9 22
146 11 12
743 1 12
701 4 10
305 4 11
835 4 21
921 7 16
659 7 8
838 9 14
442 9 40
879 10 28
956 1 38
955 5 33
518 4 38
652 4 19
476 7 29
393 9 9
814 2 20
689 7 8
606 9 34
647 10 8
944 4 17
936 5 27
894 8 21
677 10 19
55 3 18
168 1 17
302 1 25
43 6 23
339 4 15
77 4 21
80 9 20
214 9 34
373 2 37
156 4 18
293 9 40
31 9 37
452 2 31
327 7 18
65 7 28
244 9 12
362 1 13
403 2 30
141 2 34
361 5 19
58 4 6
278 7 26
61 9 9
498 10 28
878 2 24
616 2 11
220 2 7
179 1 9
836 5 20
970 5 5
753 7 34
491 7 36
12 9 7
53 10 25
829 2 38
433 2 12
130 1 40
653 5 26
350 4 6
391 5 10
570 7 29
88 4 34
308 7 8
745 8 29
528 10 38
46 7 13
662 10 10
646 2 20
384 2 35
866 5 28
1000 5 37
604 5 14
783 7 15
342 5 30
958 8 28
125 7 36
562 8 7
345 10 30
782 11 15
42 9 14
83 10 37
479 10 15
900 3 5
597 2 11
201 2 15
638 3 7
421 5 21
555 5 13
641 8 30
338 7 8
775 8 25
558 10 15
692 10 29
296 10 36
733 11 32
34 10 17
726 8 9
946 11 39
509 10 25
247 10 21
668 3 19
585 5 22
805 8 7
543 8 31
722 10 14
763 11 9
460 10 7
501 11 28
622 8 19
539 10 5
580 11 5
714 11 35
698 3 8
793 11 11
911 3 18
22 2 17
101 2 9
235 2 33
18 4 33
193 5 30
314 2 28
186 2 15
406 5 35
10 5 24
189 7 13
265 2 35
3 2 37
89 5 35
223 5 23
47 8 23
181 8 16
98 10 37
82 2 16
216 2 21
257 3 24
477 6 18
174 5 7
260 8 8
218 11 9
732 3 24
336 3 8
470 3 30
253 5 11
607 8 10
211 8 30
431 11 34
128 10 9
766 1 15
683 3 22
287 3 30
507 6 35
70 5 28
465 9 40
28 8 35
644 11 21
845 1 8
979 1 12
63 2 18
500 3 28
104 3 36
720 6 24
21 5 12
458 6 19
155 5 38
241 8 6
678 9 38
857 11 32
461 11 27
375 8 6
158 10 34
199 11 10
796 1 8
595 11 24
975 3 11
754 4 22
317 3 24
451 3 36
537 6 22
974 7 27
275 6 30
757 9 5
454 8 23
495 9 23
891 9 28
13 6 10
674 11 40
546 11 7
747 1 29
967 4 32
884 6 39
488 6 12
226 6 36
708 9 11
405 8 36
9 8 35
842 9 11
229 11 12
826 1 26
564 1 35
784 4 19
963 6 18
921 9 32
439 6 30
735 4 21
914 6 20
955 7 13
518 6 27
872 9 13
913 10 12
990 1 20
948 4 14
906 7 17
823 9 32
606 11 15
944 6 40
985 7 30
723 7 14
902 9 15
802 7 13
168 3 14
126 6 31
202 1 6
119 3 16
281 1 21
198 3 21
239 4 34
373 4 22
290 6 5
114 9 21
494 1 11
628 1 21
452 4 28
149 3 5
586 4 31
410 7 35
445 1 22
183 1 28
665 4 17
799 4 39
403 4 25
141 4 38
320 6 17
361 7 23
658 1 15
262 1 24
437 2 34
179 3 19
220 4 24
616 4 24
440 7 21
357 9 33
95 9 18
912 2 23
12 11 35
213 1 36
650 2 26
829 4 21
347 1 15
433 4 40
787 7 26
391 7 22
88 6 30
129 7 19
611 10 11
308 9 31
349 10 24
745 10 28
46 9 26
426 1 21
866 7 12
208 7 32
342 7 16
824 10 23
958 10 25
562 10 23
125 9 8
259 9 30
817 7 37
421 7 17
555 7 10
631 2 5
634 7 9
768 7 19
372 7 10
726 10 27
710 2 28
844 2 14
930 5 6
805 10 23
409 10 16
543 10 18
923 2 24
964 3 24
881 5 24
622 10 28
756 10 15
797 11 6
698 5 22
918 8 19
994 3 20
869 8 31
64 1 6
22 4 27
94 1 37
10 7 31
482 2 27
265 4 33
89 7 34
299 2 23
519 5 9
82 4 26
123 5 37
257 5 33
477 8 15
40 7 35
174 7 30
394 10 17
378 2 15
732 5 25
295 4 36
74 5 37
690 8 26
32 8 10
211 10 27
329 2 13
67 2 11
549 5 33
683 5 20
903 8 7
507 8 40
70 7 31
686 10 16
245 8 13
204 7 17
162 10 5
979 3 19
803 6 20
500 5 26
720 8 21
458 8 39
678 11 28
241 10 18
359 2 30
400 3 13
534 3 18
317 5 20
451 5 29
933 8 28
454 10 10
495 11 25
13 8 7
233 11 39
747 3 7
351 3 10
967 6 18
925 9 6
488 8 10
92 8 26
226 8 18
909 1 26
446 11 12
430 3 17
960 3 24
564 3 12
522 6 18
305 8 26
525 11 13
263 11 36
777 3 8
818 4 35
997 6 35
821 9 17
738 11 39
476 11 37
990 3 23
948 6 37
731 8 36
772 9 29
510 9 27
890 1 28
902 11 24
802 9 25
168 5 5
202 3 36
339 8 21
456 4 23
156 8 20
711 1 22
315 1 16
232 3 31
366 3 32
369 8 31
410 9 28
148 9 8
327 11 28
924 1 32
65 11 39
266 1 25
445 3 33
183 3 13
665 6 27
623 9 27
141 6 12
58 8 7
741 1 26
875 1 14
699 4 9
878 6 33
437 4 17
396 3 24
220 6 17
354 6 20
440 9 14
357 11 38
954 1 29
995 2 32
733 2 26
296 1 33
912 4 32
213 3 11
650 4 30
433 6 16
870 7 29
37 6 31
653 9 10
171 6 18
391 9 19
129 9 38
308 11 40
509 1 29
729 4 34
426 3 40
949 7 10
863 4 9
250 6 11
687 7 27
384 6 32
907 10 29
425 7 39
604 9 13
342 9 38
326 1 30
763 2 6
460 1 12
942 4 20
680 4 10
284 4 38
900 7 10
418 4 8
201 6 38
421 9 39
555 9 6
159 9 35
338 11 30
976 2 40
539 1 39
714 2 34
893 4 17
497 4 37
934 5 20
631 4 24
851 7 21
455 7 7
937 10 39
414 6 38
634 9 7
372 9 37
844 4 34
668 7 26
847 9 11
888 10 20
585 9 33
923 4 7
702 5 5
881 7 14
485 7 39
915 5 27
698 7 12
918 10 39
911 7 9
982 8 15
360 1 32
193 9 10
177 1 35
135 4 36
52 6 32
93 7 23
390 1 6
431 2 30
128 1 7
86 4 32
172 7 26
89 9 36
223 9 22
264 10 36
778 2 14
79 1 6
561 4 12
165 4 34
519 7 39
82 6 40
257 7 30
477 10 35
40 9 9
461 2 13
158 1 23
815 5 32
336 7 12
470 7 22
253 9 18
294 10 19
32 10 13
674 2 20
109 1 10
150 2 31
329 4 28
153 7 25
590 8 21
245 10 34
229 2 31
363 2 15
146 4 17
280 4 6
321 5 39
500 7 5
541 8 39
104 7 40
720 10 17
761 11 11
458 10 26
62 10 39
21 9 27
442 2 23
576 2 28
180 2 19
796 5 25
359 4 30
400 5 10
138 5 14
317 7 24
13 10 13
830 3 12
393 2 27
613 5 16
747 5 15
351 5 19
530 7 24
791 11 14
529 11 40
226 10 39
909 3 32
606 2 30
647 3 25
784 8 7
522 8 23
742 11 10
777 5 13
601 8 14
735 8 26
821 11 9
518 10 17
955 11 7
814 8 29
948 8 38
906 11 27
510 11 6
890 3 40
985 11 22
589 11 18
723 11 5
802 11 37
1 2 29
80 2 29
285 3 11
364 3 18
498 3 15
281 5 8
415 5 13
19 5 8
239 8 9
373 8 35
711 3 25
53 3 37
669 6 37
56 8 37
410 11 7
107 10 16
148 11 31
745 1 15
882 6 22
445 5 11
269 8 31
403 8 28
7 8 6
824 1 14
361 11 25
562 1 14
741 3 36
782 4 15
565 6 13
699 6 33
262 5 34
657 9 30
354 8 27
574 11 40
178 11 33
733 4 10
912 6 16
516 6 23
475 5 25
34 3 31
213 5 27
254 6 21
433 8 35
474 9 13
870 9 34
37 8 14
653 11 15
391 11 30
592 1 33
129 11 35
726 1 20
812 4 26
509 3 37
729 6 21
250 8 19
687 9 34
384 8 11
425 9 19
939 1 26
326 3 28
460 3 28
983 7 14
501 4 11
680 6 24
284 6 21
721 7 40
900 9 11
504 9 7
638 9 22
25 11 15
756 1 34
539 3 16
893 6 34
717 9 36
455 9 11
634 11 14
969 1 14
927 4 37
531 4 39
751 7 27
668 9 12
964 7 40
485 9 15
781 7 29
698 9 29
147 3 26
181 1 26
360 3 14
101 8 7
177 3 10
218 4 30
135 6 7
10 11 22
211 1 9
390 3 33
431 4 14
128 3 40
169 4 11
348 6 35
861 2 17
162 1 16
248 4 16
644 4 33
778 4 35
382 4 6
165 6 32
385 9 16
519 9 28
123 9 33
257 9 13
678 2 9
241 1 10
375 1 22
158 3 9
636 5 18
199 4 28
378 6 8
116 6 6
157 7 27
74 9 21
454 1 29
674 4 6
849 5 37
632 7 27
150 4 31
67 6 8
590 10 36
667 1 7
708 2 35
405 1 12
842 2 9
9 1 35
446 2 24
928 5 7
229 4 26
666 5 37
363 4 16
449 7 21
583 7 40
321 7 21
803 10 17
104 9 10
659 2 15
180 4 15
796 7 11
837 8 37
138 7 38
317 9 18
358 10 32
872 2 40
913 3 38
830 5 20
393 4 11
916 8 5
613 7 6
967 10 24
309 10 12
867 8 39
564 7 40
605 8 16
522 10 31
902 2 7
943 3 39
818 8 30
997 10 40
601 10 33
677 5 26
635 8 23
848 8 18
885 11 23
43 1 35
1 4 40
214 4 15
73 1 28
114 2 39
293 4 33
31 4 18
327 2 36
68 7 35
202 7 19
278 2 25
364 5 34
498 5 40
19 7 31
456 8 26
239 10 31
373 10 9
12 4 25
53 5 26
494 7 40
232 7 39
452 10 16
190 10 14
611 3 24
745 3 18
349 3 30
46 2 38
528 5 33
882 8 39
49 7 36
183 7 35
269 10 25
141 10 39
824 3 8
521 2 8
958 3 24
782 6 22
479 5 37
83 5 27
565 8 21
699 8 5
303 8 5
437 8 26
995 6 6
558 5 38
296 5 27
912 8 17
516 8 9
34 5 33
650 8 22
736 11 27
433 10 40
37 10 7
870 11 12
212 11 6
854 3 16
988 3 13
330 3 40
946 6 29
247 5 26
770 9 27
949 11 10
71 8 36
687 11 24
250 10 14
888 1 24
425 11 10
805 3 21
409 3 36
763 6 15
326 5 5
983 9 35
501 6 34
284 8 6
721 9 35
638 11 40
242 11 9
622 3 40
756 3 29
797 4 6
539 5 36
800 9 18
497 8 38
934 9 5
717 11 28
918 1 15
851 11 25
710 8 35
489 9 26
272 11 27
869 1 32
964 9 31
702 9 34
998 7 34
698 11 30
994 9 17
264 1 37
47 3 10
181 3 8
218 6 23
93 11 26
690 1 16
473 3 5
169 6 5
507 1 31
686 3 12
245 1 17
424 3 35
861 4 27
644 6 39
165 8 5
206 9 10
720 1 33
324 1 36
458 1 29
678 4 35
461 6 25
636 7 21
199 6 17
815 9 26
419 9 19
378 8 10
157 9 5
974 2 13
671 1 16
275 1 7
757 4 12
495 4 27
13 1 34
233 4 24
412 6 36
16 6 15
849 7 35
236 9 11
766 9 40
153 11 39
750 1 33
287 11 37
925 2 33
226 1 23
708 4 11
9 3 20
928 7 9
229 6 22
363 6 12
449 9 40
583 9 23
624 10 29
187 9 35
321 9 20
963 1 31
305 1 9
921 4 8
962 5 16
659 4 11
263 4 8
879 7 34
796 9 14
400 9 32
518 1 35
652 1 24
738 4 35
913 5 21
696 7 18
393 6 8
830 7 21
613 9 39
654 10 31
217 9 7
134 11 40
906 2 23
510 2 35
689 4 30
909 7 28
513 7 24
430 9 28
867 10 32
723 2 30
943 5 36
681 5 40
860 7 40
901 8 23
684 10 12
818 10 21
802 2 6
936 2 38
894 5 17
677 7 15
635 10 22
973 5 25
931 8 20
961 8 14
126 1 20
1 6 32
339 1 29
31 6 34
327 4 20
151 7 31
68 9 14
202 9 33
278 4 24
61 6 21
281 9 14
456 10 10
19 9 37
60 10 23
440 2 14
137 1 39
178 2 39
574 2 26
357 4 33
398 5 7
95 4 19
53 7 5
273 10 34
787 2 36
88 1 14
611 5 22
570 4 19
308 4 28
132 7 40
49 9 16
866 2 28
604 2 26
208 2 35
342 2 16
824 5 7
958 5 26
345 7 20
83 7 40
303 10 7
41 10 32
159 2 37
641 5 14
338 4 29
816 6 30
599 8 25
117 5 23
296 7 28
34 7 9
953 11 26
120 10 6
372 2 12
988 5 27
592 5 40
726 5 11
509 7 6
729 10 13
247 7 5
333 10 38
71 10 16
508 11 32
847 2 23
888 3 39
585 2 12
409 5 27
543 5 40
326 7 28
367 8 11
763 8 8
983 11 25
501 8 5
284 10 31
418 10 39
839 3 17
622 5 17
539 7 16
800 11 28
934 11 24
538 11 18
656 3 21
927 8 38
489 11 9
869 3 31
827 6 30
610 8 28
785 9 7
964 11 9
568 11 11
702 11 24
998 9 8
915 11 13
193 2 34
89 2 16
47 5 24
40 2 7
394 5 20
218 8 28
690 3 35
294 3 14
32 3 22
431 8 13
169 8 30
590 1 16
507 3 21
424 5 13
465 6 12
861 6 40
162 5 25
382 8 29
165 10 18
803 1 32
541 1 36
720 3 29
62 3 35
544 6 34
241 5 26
282 6 21
461 8 9
199 8 40
419 11 24
553 11 31
754 1 9
537 3 20
671 3 17
757 6 38
891 6 36
495 6 7
13 3 38
715 9 5
632 11 33
236 11 32
833 1 17
967 1 21
571 1 37
791 4 38
488 3 39
708 6 30
312 6 25
928 9 25
666 9 21
845 11 30
187 11 16
522 1 30
305 3 28
525 6 31
700 7 6
263 6 24
879 9 30
483 9 20
617 9 38
180 8 5
221 9 26
601 1 18
735 1 25
821 4 14
518 3 19
955 4 8
476 6 38
913 7 18
696 9 27
393 8 27
434 9 22
613 11 26
217 11 28
351 11 10
731 3 23
906 4 25
909 9 17
251 9 34
681 7 10
860 9 33
464 9 17
901 10 10
936 4 28
677 9 20
961 10 26
126 3 37
77 3 13
80 8 6
239 1 8
373 1 37
114 6 10
452 1 9
190 1 6
410 4 22
151 9 19
285 9 18
665 1 12
444 2 29
102 9 33
281 11 13
19 11 20
616 1 8
220 1 8
354 1 10
574 4 34
577 9 26
95 6 33
136 7 36
315 9 18
53 9 38
870 2 34
37 1 38
474 2 5
129 4 13
349 7 38
46 6 5
528 9 8
132 9 27
266 9 27
49 11 23
646 1 7
866 4 40
907 5 29
384 1 26
208 4 27
645 5 32
824 7 12
342 4 9
125 6 39
648 10 37
782 10 19
504 2 21
201 1 10
25 4 16
641 7 26
379 7 30
558 9 30
995 10 38
117 7 12
337 10 20
634 4 19
675 5 26
854 7 31
372 4 17
895 8 24
592 7 39
416 10 9
946 10 23
550 10 30
668 2 16
888 5 34
585 4 29
805 7 27
409 7 28
326 9 32
763 10 30
105 10 5
485 2 18
705 5 34
839 5 34
443 5 34
622 7 13
714 10 7
318 10 24
614 8 40
793 10 17
834 11 37
531 10 15
952 3 30
827 8 11
785 11 33
22 1 29
101 1 12
52 1 20
172 2 23
306 2 8
89 4 12
264 5 13
47 7 40
181 7 32
5 10 12
82 1 8
477 5 11
40 4 17
81 5 28
260 7 28
470 2 26
690 5 40
294 5 17
473 7 36
431 10 36
549 2 32
590 3 15
287 2 25
331 8 33
861 8 32
465 8 19
382 10 37
803 3 30
104 2 36
720 5 37
324 5 18
282 8 14
461 10 26
502 11 23
636 11 25
837 1 17
317 2 37
358 3 10
537 5 9
757 8 10
275 5 10
715 11 20
849 11 12
16 10 16
150 10 11
833 3 20
134 2 9
571 3 6
309 3 21
925 6 17
708 8 8
749 9 32
532 11 34
666 11 12
229 10 20
605 1 19
522 3 22
608 6 10
305 5 27
742 6 32
659 8 33
263 8 30
700 9 38
483 11 11
180 10 36
221 11 9
735 3 6
518 5 24
779 9 22
913 9 20
696 11 30
897 1 10
830 11 11
814 3 23
906 6 21
992 9 23
510 6 31
689 8 33
730 9 15
647 11 8
251 11 26
806 4 24
589 6 14
681 9 34
464 11 24
760 9 29
677 11 21
973 9 20
26 3 28
239 3 32
156 5 20
197 6 26
114 8 18
452 3 26
56 3 30
148 6 15
151 11 15
285 11 22
882 1 29
665 3 19
269 3 32
7 3 26
623 6 31
227 6 30
144 8 20
364 11 20
565 1 40
102 11 33
699 1 6
41 1 22
220 3 38
574 6 40
178 6 22
95 8 9
136 9 18
516 1 40
650 1 33
433 3 23
870 4 32
694 7 30
212 4 26
129 6 30
349 9 19
333 1 17
266 11 11
467 1 37
71 1 37
687 4 27
250 3 28
604 6 32
208 6 6
824 9 17
125 8 10
562 9 30
942 1 34
83 11 38
680 1 6
504 4 15
638 4 32
201 3 21
25 6 13
462 7 26
159 6 5
816 10 33
379 9 26
296 11 33
934 2 18
497 1 32
717 4 35
455 4 40
937 7 8
675 7 26
854 9 26
895 10 20
413 7 11
592 9 6
196 9 8
633 10 24
751 2 8
489 2 9
492 7 8
626 7 11
846 10 12
702 2 9
922 5 32
485 4 16
705 7 35
839 7 18
880 8 40
622 9 38
663 10 28
994 2 38
910 8 20
693 10 31
827 10 26
769 5 24
982 5 33
101 3 7
51 7 23
348 1 35
86 1 29
306 4 26
165 1 31
385 4 18
519 4 13
123 4 7
40 6 7
260 9 20
39 10 38
378 1 18
553 2 24
157 2 34
377 5 8
74 4 28
160 7 22
294 7 40
32 7 10
252 10 18
766 2 30
590 5 24
153 4 11
328 5 20
70 6 23
111 7 18
507 7 26
548 8 34
245 7 30
331 10 18
845 2 33
886 3 25
146 1 9
324 7 16
458 7 15
20 10 36
796 2 40
400 2 40
837 3 23
138 2 7
358 5 13
96 5 8
99 10 28
613 2 6
217 2 28
309 5 27
488 7 23
529 8 30
92 7 38
226 7 39
312 10 7
749 11 26
826 2 32
430 2 40
867 3 33
605 3 14
388 5 36
608 8 26
305 7 23
742 8 30
962 11 10
263 10 15
684 3 14
818 3 25
601 5 30
821 8 40
955 8 30
559 8 28
996 9 10
738 10 33
913 11 11
897 3 33
772 8 10
992 11 26
730 11 30
589 8 23
809 11 16
943 11 40
885 6 31
961 1 30
19 2 28
239 5 35
197 8 18
114 10 16
273 3 22
56 5 34
190 5 15
14 8 27
352 3 31
7 5 14
444 6 7
141 5 31
782 1 32
303 3 38
740 4 9
657 6 22
261 6 5
44 8 34
178 8 38
398 11 15
599 1 17
953 4 18
254 3 25
474 6 11
171 5 34
694 9 30
391 8 38
432 9 16
611 11 28
215 11 16
812 1 16
129 8 26
946 1 34
770 4 27
333 3 20
467 3 40
508 4 19
250 5 15
687 6 39
907 9 18
511 9 38
425 6 38
645 9 37
562 11 18
166 11 23
501 1 29
680 3 26
721 4 7
418 3 14
504 6 33
638 6 22
724 9 28
242 6 20
201 5 30
858 9 6
462 9 40
200 9 8
580 1 6
117 11 35
714 1 20
318 1 29
538 4 33
413 9 27
196 11 28
927 1 12
751 4 32
930 6 12
489 4 40
971 7 8
668 6 9
709 7 28
888 9 29
702 4 27
443 9 32
998 2 13
918 9 8
994 4 15
869 9 15
910 10 21
769 7 28
989 10 8
982 7 35
940 10 7
5 1 40
218 1 22
93 6 7
35 1 20
86 3 35
172 6 26
306 6 28
89 8 22
47 11 24
382 1 31
81 9 35
461 1 15
419 4 24
116 3 10
157 4 25
377 7 39
74 6 21
32 9 38
674 1 35
715 2 10
16 1 14
632 4 18
236 4 24
370 4 35
153 6 34
590 7 12
507 9 27
548 10 27
928 2 27
28 11 14
229 1 28
666 2 15
363 1 30
449 4 23
583 4 36
187 4 27
624 5 40
803 7 25
407 7 22
104 6 27
145 7 34
541 7 29
324 9 6
761 10 18
365 10 10
483 2 24
617 2 9
703 5 13
837 5 16
400 4 30
620 7 27
138 4 18
754 7 24
358 7 23
974 10 32
578 10 10
96 7 39
275 9 37
13 9 13
434 2 34
654 5 35
217 4 9
833 7 19
392 5 22
571 7 39
175 7 11
309 7 13
529 10 27
92 9 10
513 2 35
647 2 28
867 5 31
430 4 30
825 8 35
522 7 31
608 10 36
346 10 38
84 10 31
860 2 5
818 5 22
422 5 23
601 7 14
821 10 26
559 10 32
677 2 40
593 8 27
813 11 12
376 10 13
931 3 13
672 8 6
806 8 38
977 11 25
961 3 21
1 1 6
80 1 23
498 2 14
197 10 30
577 2 29
315 2 7
53 2 22
273 5 22
56 7 31
190 7 15
410 10 35
14 10 31
528 2 24
569 3 24
132 2 17
266 2 28
310 8 13
444 8 38
227 10 22
345 2 33
782 3 26
83 2 22
699 5 38
437 5 25
41 5 22
220 7 23
657 8 39
440 10 21
44 10 30
481 11 37
816 1 28
558 2 27
995 3 23
599 3 33
953 6 17
34 2 24
254 5 26
474 8 26
212 8 25
694 11 34
391 10 20
432 11 25
812 3 21
113 2 24
729 5 11
333 5 34
770 6 36
71 5 12
687 8 34
425 8 10
511 11 32
645 11 23
249 11 19
763 3 6
587 6 10
105 3 22
504 8 24
941 9 35
242 8 7
25 10 28
200 11 25
976 3 28
318 3 27
497 5 21
934 6 11
455 8 5
937 11 21
59 8 6
413 11 37
397 3 31
751 6 16
492 11 7
827 1 32
964 6 31
788 9 31
526 9 13
705 11 28
998 4 40
698 8 13
739 9 36
656 11 28
952 9 40
986 7 16
769 9 21
218 3 21
135 5 32
93 8 29
51 11 33
252 1 7
431 3 10
264 11 17
861 1 21
382 3 34
165 5 29
206 6 17
123 8 18
164 9 27
81 11 12
678 1 38
461 3 9
199 3 32
636 4 24
23 6 11
553 6 8
157 6 19
891 1 16
932 2 8
32 11 33
715 4 16
233 1 13
849 4 14
453 4 9
16 3 39
632 6 33
236 6 7
370 6 29
411 7 11
328 9 38
708 1 23
446 1 36
50 1 13
532 4 8
928 4 12
229 3 21
886 7 23
449 6 33
583 6 22
187 6 37
321 6 8
407 9 38
803 9 29
104 8 24
962 2 28
525 1 36
879 4 5
617 4 18
221 4 35
400 6 37
837 7 15
4 6 38
620 9 24
138 6 31
224 9 9
358 9 23
96 9 39
738 1 39
779 2 26
13 11 32
830 4 20
434 4 34
916 7 35
217 6 37
833 9 29
392 7 23
351 6 5
134 8 12
992 2 32
689 1 29
730 2 28
909 4 11
513 4 9
647 4 15
688 5 26
251 4 29
825 10 8
522 9 5
809 2 29
901 5 14
464 4 15
904 10 24
601 9 25
205 9 14
642 10 14
380 10 22
718 5 8
897 7 38
855 10 12
593 10 15
672 10 27
806 10 38
748 5 12
885 10 16
72 4 14
327 1 22
65 1 16
185 2 18
364 4 17
60 7 5
95 1 31
577 4 23
315 4 22
53 4 9
215 2 18
745 2 7
569 5 27
352 7 32
90 7 9
269 9 17
310 10 35
48 10 25
824 2 8
428 2 14
562 2 38
648 5 13
345 4 37
782 5 34
83 4 21
303 7 29
740 8 9
523 10 17
657 10 35
261 10 14
379 2 37
296 4 16
733 5 13
516 7 30
953 8 15
34 4 36
557 8 20
340 10 18
854 2 32
550 5 32
154 5 6
508 8 14
687 10 32
291 10 8
425 10 17
29 10 30
543 2 11
629 5 10
501 5 7
983 8 18
721 8 8
807 11 12
108 10 27
663 3 29
797 3 27
580 5 18
184 5 40
714 5 21
318 5 12
934 8 21
717 10 19
758 11 29
276 8 33
455 10 38
59 10 18
793 5 7
751 8 20
971 11 9
575 11 37
489 8 10
709 11 28
910 1 13
693 3 34
827 3 29
610 5 18
785 6 40
964 8 7
568 8 28
526 11 35
864 6 27
781 8 23
940 1 7
994 8 11
556 11 13
769 11 5
982 11 19
5 5 7
260 2 19
218 5 10
211 2 21
252 3 16
548 1 22
331 3 9
28 2 5
465 3 8
248 5 25
123 10 26
544 3 35
678 3 39
241 2 26
20 3 34
636 6 36
240 6 13
157 8 30
243 11 31
974 1 15
495 3 9
715 6 31
150 5 11
791 1 10
925 1 21
312 3 35
749 4 38
532 6 10
50 3 16
666 6 35
270 6 35
449 8 39
886 9 28
8 6 13
187 8 34
407 11 19
11 11 27
608 1 35
145 11 28
346 1 17
828 4 14
525 3 33
962 4 24
263 3 9
879 6 27
703 9 6
400 8 35
4 8 20
441 9 5
138 8 28
224 11 39
821 1 9
559 1 27
913 4 27
999 7 21
696 6 26
300 6 16
916 9 39
434 6 38
217 8 8
654 9 28
392 9 9
175 11 33
309 11 9
906 1 26
730 4 7
513 6 33
688 7 8
430 8 12
867 9 29
209 9 11
589 1 24
767 7 40
464 6 31
601 11 34
936 1 7
977 2 34
760 4 5
894 4 7
980 7 11
718 7 9
938 10 10
635 9 18
965 5 6
748 7 15
961 7 35
114 3 39
72 6 39
14 1 25
148 1 22
65 3 31
26 11 14
227 1 30
361 1 23
185 4 31
456 9 15
44 1 22
315 6 11
356 7 18
273 9 13
694 2 21
215 4 30
349 4 21
352 9 25
90 9 13
7 11 19
428 4 12
562 4 32
166 4 23
386 7 36
565 9 7
83 6 33
41 9 21
858 2 38
462 2 5
25 1 22
641 4 22
682 5 34
816 5 7
599 7 8
203 7 26
733 7 19
337 7 25
953 10 36
557 10 29
254 9 5
372 1 36
413 2 13
812 7 9
853 8 18
416 7 17
330 4 9
550 7 13
154 7 20
591 8 36
71 9 25
230 2 32
846 5 34
629 7 40
804 8 37
983 10 9
587 10 26
721 10 33
705 2 28
622 4 11
663 5 14
883 8 16
401 5 25
580 7 8
184 7 13
621 8 16
318 7 19
918 2 25
959 3 13
656 2 25
876 5 37
793 7 26
834 8 39
397 7 31
572 8 16
355 10 37
489 10 7
610 7 29
785 8 23
568 10 5
602 8 22
560 11 19
89 1 15
47 4 25
5 7 6
81 2 20
260 4 31
218 7 10
32 2 24
169 7 18
465 5 5
248 7 37
289 8 25
206 10 6
761 3 5
62 2 7
544 5 22
20 5 35
757 5 29
275 2 40
99 5 36
715 8 34
233 5 27
16 7 19
236 10 35
411 11 33
791 3 36
92 2 31
226 2 30
312 5 12
749 6 40
928 8 25
532 8 30
270 8 22
490 11 30
187 10 34
825 1 36
608 3 33
828 6 22
525 5 37
263 5 6
700 6 22
920 9 26
617 8 33
703 11 17
904 1 10
441 11 30
955 3 32
913 6 31
300 8 21
38 8 18
217 10 21
392 11 6
376 3 39
813 4 6
950 9 20
867 11 29
589 3 6
723 3 23
943 6 35
984 7 31
681 6 35
767 9 22
684 11 20
885 1 5
422 11 22
802 3 34
843 4 5
760 6 33
894 6 23
980 9 39
635 11 5
794 4 18
973 6 15
752 7 37
535 9 36
873 4 5
748 9 22
231 1 36
14 3 36
151 8 24
310 1 36
444 1 26
227 3 40
364 8 16
102 8 23
143 9 30
523 1 26
60 11 8
261 1 6
44 3 29
481 4 30
736 1 35
340 1 6
212 1 25
432 4 17
129 3 24
435 9 29
173 9 21
949 1 14
90 11 21
728 2 16
425 1 28
208 3 36
645 4 30
428 6 9
166 6 6
782 9 21
386 9 12
504 1 34
41 11 31
638 1 25
242 1 31
159 3 20
379 6 15
420 7 5
599 9 17
337 9 35
120 11 21
59 1 37
675 4 17
895 7 16
633 7 12
812 9 25
330 6 26
416 9 22
853 10 33
591 10 29
333 11 21
71 11 24
709 2 7
626 4 23
712 7 21
846 7 37
450 7 7
188 7 39
367 9 26
788 2 19
922 2 31
839 4 21
880 5 25
443 4 21
663 7 16
883 10 35
698 1 5
918 4 12
959 5 9
697 5 31
876 7 31
480 7 35
834 10 30
397 9 21
572 10 38
556 2 38
868 8 5
610 9 16
651 10 40
785 10 38
989 5 30
998 10 14
602 10 13
982 2 18
93 1 23
264 4 9
5 9 23
123 1 19
164 2 38
39 7 13
377 2 10
74 1 19
335 5 29
118 7 10
35 9 15
465 7 6
69 7 20
104 1 26
324 4 31
761 5 18
62 4 15
282 7 28
20 7 14
106 10 25
240 10 20
620 2 35
974 5 6
96 2 38
275 4 22
316 5 18
13 4 37
99 7 13
932 8 30
233 7 26
16 9 5
833 2 16
612 3 24
309 2 25
395 5 20
92 4 12
529 5 9
615 8 25
312 7 22
749 8 30
50 7 25
270 10 40
8 10 23
388 2 16
522 2 26
608 5 15
525 7 40
962 8 34
263 7 37
304 8 15
920 11 31
821 5 31
862 6 32
559 5 37
163 5 30
913 8 29
999 11 13
696 10 11
737 11 20
434 10 40
38 10 24
855 3 8
813 6 27
376 5 31
730 8 11
513 10 12
688 11 21
889 1 39
672 3 37
589 5 30
809 8 35
943 8 16
681 8 18
901 11 34
885 3 5
802 5 30
977 6 28
581 6 32
760 8 21
584 11 10
718 11 16
752 9 7
873 6 7
831 9 40
748 11 29
961 11 8
26 2 7
239 2 28
14 5 7
148 5 39
527 1 23
269 2 10
444 3 38
185 8 37
102 10 28
740 1 34
523 3 19
657 3 8
440 5 12
481 6 14
398 8 7
953 1 18
736 3 18
340 3 7
37 2 21
78 3 38
212 3 40
129 5 14
215 8 19
435 11 8
569 11 24
173 11 40
770 1 38
508 1 23
687 3 35
728 4 13
907 6 12
29 3 15
425 3 33
511 6 21
249 6 23
469 9 37
648 11 33
386 11 27
983 1 26
124 11 29
721 1 6
325 1 22
504 3 7
724 6 29
242 3 13
682 9 9
816 9 16
599 11 22
337 11 21
978 7 15
59 3 10
499 9 19
17 6 24
633 9 8
416 11 34
751 1 32
355 1 20
971 4 22
489 1 29
709 4 14
888 6 7
712 9 19
846 9 27
887 10 5
188 9 10
964 1 16
568 1 22
702 1 33
788 4 23
922 4 7
705 6 24
443 6 38
663 9 22
267 9 8
797 9 5
401 9 37
781 1 18
656 6 8
917 10 12
480 9 33
655 10 24
773 2 32
556 4 35
868 10 38
986 2 32
727 7 39
947 10 23
982 4 13
898 10 32
51 6 16
172 3 5
264 6 39
206 1 16
164 4 38
39 9 37
23 1 38
157 1 33
243 4 16
160 6 29
294 6 12
32 6 14
252 9 24
632 1 32
673 2 5
236 1 40
370 1 8
153 3 11
590 4 38
328 4 10
111 6 28
331 9 32
886 2 21
449 1 33
407 4 26
761 7 17
544 9 10
282 9 39
703 2 36
400 1 26
441 2 34
837 2 25
578 7 33
96 4 35
932 10 35
536 10 20
233 9 20
916 2 8
520 2 5
217 1 26
874 5 20
529 7 34
133 7 31
749 10 27
312 9 36
50 9 22
91 10 12
867 2 20
471 2 26
209 2 16
691 5 40
388 4 39
608 7 38
742 7 24
684 2 12
818 2 15
422 2 13
642 5 31
205 4 8
821 7 24
862 8 34
559 7 15
996 8 28
383 10 26
121 10 38
635 2 29
855 5 33
593 5 17
510 7 25
992 10 13
730 10 10
334 10 27
848 2 13
672 5 29
892 8 37
589 7 26
681 10 5
885 5 8
977 8 7
760 10 15
801 11 40
919 3 10
660 8 15
752 11 34
68 1 20
26 4 22
456 2 16
60 2 9
139 2 28
97 5 37
231 5 39
14 7 16
486 2 23
527 3 33
7 4 10
48 5 27
444 5 10
227 7 28
268 8 11
6 8 28
565 2 22
303 2 36
344 3 20
41 2 40
44 7 32
481 8 39
398 10 29
136 10 11
254 2 37
736 5 22
340 5 38
515 6 33
694 8 12
36 8 19
853 1 23
508 3 40
728 6 22
645 8 30
428 10 34
469 11 24
166 10 28
721 3 19
807 6 28
284 2 36
941 6 14
108 5 19
242 5 16
765 9 8
283 6 26
462 8 9
66 8 18
200 8 14
816 11 36
404 3 30
276 3 26
758 6 23
455 5 12
675 8 29
895 11 37
499 11 25
17 8 9
196 10 38
237 11 38
633 11 38
572 1 5
751 3 21
355 3 13
971 6 20
575 6 32
272 5 34
795 9 27
929 9 19
230 8 34
846 11 33
450 11 17
188 11 33
785 1 13
702 3 10
788 6 27
922 6 27
705 8 16
746 9 23
880 9 31
443 8 20
267 11 32
401 11 35
998 1 26
602 1 18
781 3 6
739 6 15
959 9 18
776 9 13
910 9 11
986 4 6
769 6 38
940 9 21
51 8 26
172 5 8
122 9 24
502 1 8
240 1 32
419 3 21
23 3 38
157 3 18
243 6 32
377 6 14
160 8 5
335 9 15
118 11 34
715 1 17
252 11 16
453 1 29
673 4 32
236 3 27
411 4 38
590 6 24
328 6 10
111 8 30
331 11 24
532 1 25
666 1 40
707 2 26
8 1 16
187 3 16
11 6 6
145 6 17
761 9 30
282 11 31
617 1 36
703 4 31
837 4 38
224 6 40
358 6 40
399 7 11
578 9 17
182 9 27
619 10 31
96 6 15
316 9 9
696 1 14
737 2 30
300 1 14
916 4 33
38 1 39
520 4 17
434 1 21
217 3 9
612 7 10
395 9 9
529 9 7
133 9 5
312 11 18
908 5 14
209 4 37
429 7 36
608 9 11
649 10 22
346 9 34
987 5 31
288 4 14
904 7 12
422 4 20
205 6 24
380 7 24
559 9 33
297 9 31
980 2 18
718 2 27
897 4 30
459 7 16
593 7 18
931 2 37
672 7 8
589 9 19
748 2 13
968 5 23
706 5 23
926 8 39
843 10 15
581 10 37
961 2 19
919 5 21
660 10 17
794 10 12
72 1 22
151 1 21
364 1 5
102 1 26
143 2 26
197 9 15
356 2 18
53 1 32
139 4 23
273 4 40
231 7 39
14 9 28
55 10 31
132 1 9
173 2 21
527 5 32
310 7 28
444 7 33
227 9 19
268 10 29
6 10 31
782 2 9
386 2 22
565 4 39
740 5 8
523 7 18
127 7 37
41 4 38
261 7 8
481 10 16
85 10 22
44 9 22
599 2 10
203 2 22
337 2 32
953 5 30
557 5 32
120 4 28
212 7 39
298 10 26
432 10 33
36 10 10
416 2 34
853 3 13
154 2 32
770 5 24
112 5 20
728 8 37
249 10 24
501 2 39
587 5 12
983 5 9
941 8 39
108 7 24
724 10 17
765 11 14
66 10 20
883 3 36
184 2 40
621 3 18
800 5 22
404 5 5
142 5 34
276 5 26
758 8 25
496 8 24
978 11 7
716 11 35
413 10 20
531 2 33
572 3 26
751 5 27
971 8 36
709 8 21
795 11 11
533 11 17
230 10 32
788 8 29
746 11 36
880 11 31
484 11 30
998 3 39
781 5 40
560 6 25
780 9 31
959 11 23
773 6 12
952 8 30
993 9 29
776 11 15
910 11 18
852 6 34
810 9 18
989 11 37
940 11 23
840 9 40
248 2 15
206 5 35
30 8 10
164 8 30
502 3 9
240 3 8
23 5 29
157 5 7
243 8 35
335 11 36
715 3 12
453 3 19
57 3 25
16 2 13
673 6 15
236 5 6
328 8 38
548 11 22
152 11 8
707 4 38
490 6 27
8 3 32
187 5 21
228 6 12
145 8 5
828 1 8
700 1 5
304 1 38
786 4 25
483 3 19
221 3 7
4 5 11
661 9 16
224 8 27
96 8 31
316 11 37
913 1 33
999 4 16
517 1 16
696 3 26
916 6 8
38 3 30
654 6 16
258 6 33
695 7 28
392 6 13
478 9 29
612 9 23
175 8 12
395 11 35
992 1 22
133 11 21
730 1 14
513 3 11
908 7 8
605 6 29
691 9 18
209 6 10
388 8 25
429 9 36
825 9 16
346 11 8
943 1 12
547 1 22
767 4 11
901 4 17
987 7 14
725 7 34
642 9 27
380 9 8
163 11 15
297 11 17
584 4 17
938 7 19
635 6 14
459 9 16
593 9 9
376 11 35
973 1 23
975 10 12
672 9 36
965 2 17
706 7 28
885 9 34
926 10 5
664 10 20
961 4 32
919 7 40
877 10 30
956 10 6
72 3 27
185 1 15
143 4 36
136 1 28
356 4 5
139 6 29
273 6 18
97 9 26
231 9 25
611 1 25
215 1 28
349 1 28
132 3 30
131 7 5
310 9 20
48 9 16
469 2 21
166 1 39
386 4 36
124 4 22
740 7 33
344 7 32
523 9 19
127 9 10
41 6 26
261 9 5
302 10 6
44 11 11
420 2 19
599 4 24
203 4 27
337 4 34
423 7 35
557 7 9
161 7 14
340 9 33
212 9 15
895 2 40
499 2 13
196 1 19
633 2 28
416 4 24
853 5 40
591 5 33
154 4 9
374 7 10
811 8 24
508 7 8
112 7 21
728 10 12
29 9 16
712 2 27
629 4 36
188 2 35
670 5 21
408 5 30
105 4 24
807 10 22
941 10 21
108 9 34
242 9 9
663 2 24
580 4 37
318 4 22
404 7 5
800 7 7
142 7 15
276 7 5
758 10 7
100 10 21
480 2 10
614 2 14
834 5 9
397 4 12
792 8 23
489 7 38
868 3 5
610 4 10
389 5 20
788 10 16
347 8 11
130 10 38
947 3 36
998 5 21
822 8 39
560 8 21
343 10 34
898 3 21
639 8 23
773 8 26
859 11 35
556 10 30
986 8 28
769 10 30
810 11 32
840 11 12
47 1 40
39 2 18
118 2 6
252 2 16
465 2 19
289 5 22
30 10 36
164 10 20
544 2 32
282 2 24
502 5 9
106 5 15
243 10 34
377 10 26
536 3 15
99 2 15
233 2 14
319 5 12
16 4 17
453 5 17
277 8 10
832 1 33
615 3 11
312 2 13
532 5 24
50 2 24
707 6 34
270 5 15
8 5 34
624 8 16
11 10 29
448 11 38
186 11 25
962 3 26
566 3 22
263 2 21
786 6 27
700 3 17
920 6 32
483 5 24
87 5 9
744 9 20
307 8 12
441 8 18
45 8 8
4 7 34
224 10 9
600 1 10
779 3 13
383 3 18
999 6 28
520 8 38
38 5 20
654 8 13
695 9 15
874 11 13
478 11 5
612 11 19
596 3 36
334 3 18
513 5 13
950 6 36
554 6 21
688 6 38
292 6 31
471 8 39
209 8 12
691 11 20
825 11 18
681 3 19
767 6 12
987 9 12
505 6 18
684 8 34
288 8 23
422 8 34
205 10 12
642 11 27
380 11 16
977 1 25
581 1 6
760 3 9
980 6 16
718 6 23
322 6 15
938 9 5
676 9 23
593 11 6
931 6 29
889 9 6
493 9 26
873 1 25
831 4 17
968 9 36
961 6 8
919 9 39
185 3 35
60 8 32
222 6 30
356 6 17
694 1 29
36 1 35
435 6 36
569 6 33
173 6 34
527 9 36
511 1 33
48 11 26
249 1 17
428 3 6
207 4 6
124 6 6
210 9 33
344 9 39
724 1 33
462 1 5
682 4 35
200 1 13
420 4 31
599 6 40
640 7 18
203 6 40
337 6 29
557 9 6
120 8 8
937 1 13
78 11 18
716 2 36
279 1 7
17 1 6
633 4 33
237 4 39
416 6 28
457 7 8
154 6 30
811 10 10
508 9 20
291 11 15
29 11 6
626 1 38
230 1 20
712 4 9
629 6 12
670 7 22
804 7 8
408 7 27
587 9 33
628 10 14
108 11 16
705 1 29
880 2 25
966 5 28
443 1 21
267 4 22
401 4 13
184 6 15
621 7 20
579 10 37
142 9 35
276 9 20
959 2 15
59 11 19
876 4 5
917 5 13
655 5 26
397 6 5
875 8 19
572 7 35
176 7 20
355 9 31
776 2 26
910 2 12
693 4 38
389 7 7
609 10 34
989 2 39
727 2 15
864 7 27
602 7 12
764 5 5
773 10 12
935 8 40
51 1 33
122 2 15
39 4 18
160 1 22
118 4 6
35 6 27
548 2 10
152 2 32
289 7 9
27 7 16
365 2 7
544 4 20
103 2 26
20 4 12
502 7 5
23 9 20
64 10 28
536 5 32
319 7 27
57 7 12
791 2 32
832 3 6
395 2 8
529 2 19
92 1 16
312 4 24
353 5 17
790 6 26
749 5 30
532 7 14
91 5 26
573 8 24
707 8 39
270 7 35
8 7 8
490 10 34
608 2 27
649 3 16
828 5 12
84 2 27
700 5 16
786 8 30
483 7 20
87 7 17
524 8 8
920 8 7
221 7 32
744 11 13
441 10 31
45 10 33
482 11 5
4 9 16
559 2 10
996 3 34
163 2 8
600 3 30
779 5 35
820 6 31
297 2 25
999 8 32
121 5 20
517 5 6
603 8 12
300 7 35
520 10 36
957 11 11
695 11 12
679 3 39
376 2 19
813 3 14
596 5 34
554 8 19
292 8 23
774 11 9
471 10 6
908 11 15
892 3 21
630 3 23
850 6 28
547 5 20
505 8 7
725 11 14
422 10 13
977 3 32
581 3 21
801 6 22
584 8 6
718 8 36
938 11 12
676 11 29
280 11 28
877 1 37
660 3 22
794 3 30
752 6 19
972 9 18
535 8 22
755 11 26
889 11 5
493 11 14
965 6 32
748 8 32
789 9 29
819 9 35
197 2 20
14 2 6
185 5 35
85 3 5
219 3 18
2 5 18
139 10 27
694 3 28
298 3 38
432 3 31
435 8 11
728 1 27
648 8 15
386 8 27
124 8 6
210 11 22
765 4 20
283 1 26
462 3 33
25 2 35
682 6 9
203 8 14
161 11 33
758 1 12
496 1 36
978 4 9
279 3 28
716 4 14
413 3 29
17 3 20
895 6 16
499 6 37
196 5 11
719 9 9
633 6 37
853 9 5
457 9 25
154 8 34
374 11 38
971 1 23
575 1 20
112 11 23
313 1 13
929 4 15
712 6 14
887 7 16
188 6 31
408 9 11
105 8 21
191 11 36
922 1 5
526 1 15
966 7 29
704 7 24
883 9 27
184 8 29
225 9 16
276 11 23
563 4 40
697 4 27
917 7 39
480 6 25
614 6 34
572 9 25
355 11 40
993 2 7
776 4 37
910 4 34
514 4 28
951 5 21
472 7 25
389 9 37
810 2 30
727 4 17
947 7 8
864 9 40
905 10 32
602 9 16
643 10 14
764 7 26
856 10 28
51 3 25
30 1 33
122 4 24
39 6 24
243 1 7
377 1 10
160 3 29
335 4 31
118 6 39
76 9 11
194 1 25
152 4 14
331 6 5
110 7 25
448 2 26
145 1 36
365 4 34
103 4 30
323 7 15
240 9 37
661 2 19
224 1 10
399 2 32
619 5 7
182 4 26
402 7 20
536 7 14
140 7 37
319 9 28
874 2 16
832 5 24
529 4 19
790 8 25
353 7 10
50 6 26
707 10 19
311 10 32
8 9 38
388 1 40
608 4 30
167 2 14
346 4 13
387 5 31
84 4 9
170 7 12
304 7 35
390 10 25
920 10 6
524 10 18
642 2 31
600 5 15
163 4 15
383 7 33
820 8 14
999 10 14
603 10 7
517 7 33
300 9 16
778 11 14
737 10 16
38 9 18
79 10 27
855 2 31
459 2 14
896 3 8
593 2 34
679 5 35
596 7 31
554 10 20
292 10 17
672 2 21
892 5 27
630 5 9
850 8 40
547 7 26
808 11 37
109 10 38
664 3 18
843 5 39
447 5 25
584 10 6
718 10 14
660 5 39
835 6 7
618 8 22
831 8 9
748 10 31
819 11 9
26 1 22
97 2 22
231 2 39
14 4 18
55 5 11
48 2 25
268 5 30
185 7 12
143 10 35
523 2 34
44 4 19
85 5 14
222 10 20
432 5 15
256 8 16
435 10 9
173 10 26
214 11 14
811 1 27
728 3 27
332 3 15
29 2 11
115 5 38
552 6 24
249 5 28
469 8 30
207 8 11
386 10 14
124 10 36
807 3 10
724 5 19
242 2 31
200 5 26
682 8 8
506 11 37
24 8 13
203 10 38
841 1 16
758 3 29
362 3 8
496 3 30
978 6 36
582 6 23
716 6 21
853 11 22
457 11 17
195 11 19
792 1 17
575 3 14
272 2 14
795 6 34
313 3 17
929 6 35
533 6 28
753 9 21
450 8 17
491 9 39
54 8 33
408 11 7
526 3 25
880 6 22
966 9 35
663 8 30
267 8 40
704 9 38
883 11 26
560 1 18
343 3 34
959 6 20
480 8 25
655 9 28
639 1 23
572 11 13
773 1 22
993 4 40
556 3 25
910 6 8
951 7 35
693 8 5
651 11 23
852 1 17
989 6 32
551 9 33
685 9 20
602 11 7
940 6 38
981 7 39
969 10 23
164 3 16
335 6 19
277 1 20
411 1 39
15 1 28
289 11 37
886 1 30
27 11 14
624 1 39
11 3 37
145 3 29
406 7 39
103 6 19
323 9 34
703 1 17
307 1 36
441 1 23
661 4 20
224 3 18
619 7 6
182 6 30
402 9 29
140 9 26
916 1 10
520 1 33
957 2 7
57 11 29
392 1 8
216 4 6
395 6 30
133 6 31
91 9 11
774 2 9
471 1 29
908 2 16
8 11 9
691 4 18
825 4 15
429 4 20
649 7 28
346 6 34
84 6 35
607 10 38
566 9 19
422 1 8
904 4 8
945 5 14
642 4 7
246 4 24
862 7 8
466 7 17
383 9 38
517 9 9
121 9 38
938 2 17
38 11 32
676 2 12
855 4 32
376 6 24
417 7 29
596 9 19
155 7 5
334 9 17
375 10 34
755 2 27
493 2 31
672 4 24
713 5 11
368 7 26
984 10 33
547 9 11
588 10 14
706 2 24
843 7 27
884 8 26
581 7 9
667 10 31
801 10 32
919 2 38
743 5 33
877 5 14
794 7 40
835 8 24
956 5 36
914 8 21
60 1 33
231 4 39
14 6 35
527 2 18
310 4 27
48 4 5
268 7 17
6 7 23
210 2 6
344 2 21
261 4 38
44 6 18
219 7 15
2 9 37
43 10 17
423 2 14
598 3 10
381 5 13
78 4 7
298 7 23
256 10 17
811 3 33
508 2 8
291 4 18
332 5 19
728 5 22
29 4 26
552 8 10
249 7 25
469 10 9
73 10 11
207 10 14
587 2 14
628 3 21
191 2 13
325 2 21
283 5 29
503 8 24
682 10 27
286 10 40
200 7 15
24 10 5
800 2 11
404 2 16
538 2 16
276 2 32
799 6 36
758 5 11
496 5 18
59 4 34
582 8 8
100 5 17
279 7 11
658 3 24
575 5 21
795 8 40
929 8 28
970 9 14
533 8 28
712 10 17
753 11 16
230 7 22
271 8 13
491 11 5
188 10 34
871 3 32
568 2 16
609 3 8
788 5 10
526 5 38
567 6 39
484 8 38
704 11 16
822 3 8
560 3 20
780 6 40
959 8 39
1000 9 23
563 8 34
301 8 25
783 11 26
917 11 19
480 10 11
993 6 23
597 6 32
556 5 18
951 9 37
514 8 25
810 6 9
768 9 24
627 6 35
981 9 33
840 6 11
122 8 25
23 2 14
64 3 28
243 5 15
236 2 13
673 3 7
15 3 34
194 5 14
235 6 14
573 1 21
110 11 13
94 3 34
624 3 20
228 3 26
11 5 25
186 6 34
365 8 5
786 1 38
524 1 7
307 3 38
45 3 20
482 4 14
661 6 9
265 6 11
399 6 10
3 6 34
619 9 12
402 11 19
603 1 6
536 11 26
140 11 27
737 1 25
258 3 6
874 6 33
478 6 9
392 3 19
175 5 21
216 6 32
612 6 28
832 9 8
353 11 8
554 1 15
91 11 22
774 4 9
292 1 10
908 4 32
512 4 20
75 3 34
691 6 6
295 6 12
209 3 33
429 6 32
33 6 38
167 6 15
387 9 24
304 11 28
901 1 10
987 4 17
505 1 31
725 4 13
422 3 11
945 7 9
463 4 30
205 5 26
466 9 11
204 9 13
121 11 21
938 4 9
542 4 18
896 7 39
417 9 23
334 11 19
889 4 6
493 4 14
451 7 23
933 10 28
748 1 11
789 2 21
968 4 18
706 4 20
664 7 40
447 9 24
884 10 29
581 9 39
919 4 33
960 5 11
963 10 8
660 9 39
956 7 30
914 10 14
731 10 15
143 1 13
435 1 25
173 1 33
131 4 40
48 6 37
6 9 9
124 1 12
210 4 34
344 4 10
127 6 33
219 9 27
2 11 6
203 1 31
337 1 9
423 4 39
598 5 19
78 6 35
119 7 11
298 9 23
339 10 24
853 2 31
457 2 6
195 2 6
594 7 10
728 7 24
115 9 33
552 10 19
249 9 24
290 10 9
670 2 23
408 2 16
105 1 36
191 4 36
628 5 39
587 4 22
325 4 9
807 7 39
108 6 7
586 8 23
765 10 33
66 9 8
883 2 19
621 2 35
225 2 20
404 4 5
142 4 25
758 7 20
978 10 33
17 9 20
58 10 27
397 1 10
875 3 32
792 5 17
396 5 23
575 7 7
179 7 7
313 7 38
795 10 19
970 11 22
533 10 33
651 2 34
255 2 8
785 2 5
389 2 22
609 5 26
130 7 17
746 10 24
787 11 38
484 10 34
88 10 5
905 3 30
468 2 18
643 3 31
822 5 23
426 5 34
560 5 28
646 8 7
780 8 36
343 7 9
1000 11 34
697 10 39
301 10 31
856 3 15
639 5 9
773 5 36
556 7 5
776 10 27
817 11 9
514 10 24
555 11 36
951 11 20
935 3 35
810 8 9
727 10 32
768 11 7
627 8 25
981 11 39
923 6 35
76 2 31
289 2 15
27 2 28
30 7 30
164 7 11
106 2 24
240 2 28
23 4 27
64 5 39
243 7 38
319 2 17
57 2 7
277 5 22
235 8 7
18 10 35
152 10 35
790 1 13
532 2 28
490 5 38
94 5 23
228 5 29
314 8 13
11 7 35
920 3 37
524 3 5
87 2 26
221 2 20
307 5 8
45 5 5
224 7 15
265 8 36
3 8 10
182 10 21
999 3 7
603 3 24
737 3 26
341 3 22
957 6 28
561 6 21
258 5 18
478 8 5
82 8 7
612 8 26
216 8 34
899 1 6
174 11 17
771 1 11
950 3 28
991 4 27
688 3 18
471 5 38
75 5 25
209 5 32
691 8 7
295 8 6
429 8 38
470 9 25
850 1 24
387 11 7
984 1 30
767 3 19
371 3 16
987 6 15
505 3 19
945 9 11
463 6 39
862 11 25
380 8 28
466 11 29
163 10 37
938 6 30
542 6 26
280 6 22
63 8 9
417 11 36
21 11 30
618 1 19
155 11 17
972 4 20
535 3 31
889 6 16
493 6 32
713 9 25
451 9 17
530 9 29
664 9 21
581 11 21
743 9 17
143 3 32
222 3 37
139 5 37
55 11 36
256 1 37
435 3 6
173 3 38
131 6 39
48 8 9
268 11 16
386 3 22
124 3 33
127 8 27
168 9 19
682 1 36
286 1 19
506 4 29
640 4 8
244 4 10
423 6 7
161 6 33
598 7 14
381 9 40
119 9 32
298 11 13
36 11 30
719 4 37
853 4 19
457 4 17
591 4 11
195 4 22
374 6 32
332 9 30
753 2 8
887 2 11
54 1 7
670 4 13
408 4 5
807 9 10
366 7 35
545 9 10
586 10 16
966 2 5
267 1 32
704 2 9
883 4 25
924 5 17
621 4 33
662 5 19
225 4 34
184 3 9
404 6 32
445 7 5
841 7 14
142 6 28
665 10 32
579 7 21
799 10 29
362 9 5
100 9 27
783 2 17
480 1 31
917 2 13
655 2 5
176 4 9
658 7 20
355 6 14
396 7 15
878 10 28
575 9 10
616 10 11
313 9 17
734 2 8
954 5 10
472 2 15
692 5 23
255 4 27
389 4 22
609 7 40
213 7 25
130 9 19
947 2 40
863 8 5
764 2 32
898 2 22
856 5 24
773 7 22
993 10 14
852 7 35
893 8 19
631 8 20
810 10 13
844 8 25
627 10 18
923 8 6
840 10 33
39 1 34
118 1 21
69 1 16
27 4 39
30 9 16
106 4 39
240 4 21
243 9 28
22 10 9
402 2 8
99 1 13
140 2 6
536 2 12
319 4 16
15 7 28
101 10 15
235 10 12
270 4 8
311 5 6
707 5 18
8 4 15
228 7 7
314 10 12
448 10 24
52 10 15
566 2 19
786 5 39
87 4 17
128 5 20
307 7 31
744 8 28
45 7 6
3 10 7
820 3 10
999 5 8
778 6 23
520 7 20
561 8 33
957 8 13
79 5 8
38 4 25
299 8 30
258 7 34
478 10 14
82 10 19
899 3 11
637 3 24
334 2 19
554 5 28
158 5 13
991 6 26
774 8 37
512 8 27
691 10 7
732 11 30
470 11 29
850 3 36
984 3 21
808 6 5
371 5 37
505 5 27
987 8 35
725 8 7
329 8 14
288 7 13
463 8 27
945 11 36
67 8 37
246 10 6
405 3 14
322 5 6
676 8 33
459 10 36
500 11 26
238 11 5
752 3 19
838 6 34
535 5 39
576 6 20
359 8 10
493 8 38
713 11 33
451 11 25
831 3 26
747 9 20
926 11 24
664 11 15
865 1 18
823 4 33
606 6 29
826 9 12
960 9 14
743 11 33
944 1 38
956 11 27
990 9 8
143 5 24
2 2 14
43 3 32
131 8 23
552 1 36
469 3 37
73 3 6
210 8 7
344 8 11
127 10 11
168 11 17
682 3 29
420 3 37
506 6 22
24 3 30
640 6 37
203 5 23
244 6 40
423 8 28
598 9 33
582 1 26
515 11 29
119 11 37
716 1 11
237 3 40
853 6 13
457 6 33
591 6 22
374 8 21
415 9 7
795 1 5
970 2 32
533 1 16
491 4 7
188 3 6
711 7 25
274 6 8
494 9 33
628 9 9
880 1 23
966 4 20
401 3 14
487 6 30
924 7 16
404 8 6
579 9 35
183 9 37
959 1 40
1000 2 14
563 1 11
100 11 38
301 1 16
783 4 12
480 3 5
917 4 10
259 4 15
741 7 39
438 6 15
658 9 24
951 2 22
868 4 10
651 6 22
255 6 29
912 10 31
475 9 15
768 2 36
551 4 24
685 4 19
468 6 11
905 7 17
643 7 9
822 9 22
560 9 7
343 11 25
981 2 12
722 7 20
639 9 39
680 10 36
798 2 11
935 7 21
852 9 20
969 5 40
710 10 17
923 10 36
335 1 29
118 3 33
18 1 5
152 1 11
110 4 39
27 6 26
406 2 8
103 1 29
189 4 14
323 4 33
147 7 38
182 1 31
536 4 6
140 4 37
319 6 20
57 6 7
277 9 19
832 2 18
133 1 5
174 2 36
790 5 6
353 4 8
707 7 33
94 9 31
649 2 21
387 2 13
566 4 12
170 4 5
84 1 34
390 7 36
128 7 29
482 10 34
86 10 18
862 2 27
903 3 9
466 2 9
163 1 8
383 4 32
341 7 11
957 10 40
561 10 33
79 7 40
679 2 23
813 2 26
899 5 27
417 2 31
596 4 11
857 8 39
375 5 16
991 8 12
595 8 24
158 7 31
554 7 29
774 10 14
378 10 13
75 9 22
630 2 38
234 2 12
808 8 11
505 7 33
109 7 12
987 10 27
329 10 10
766 11 28
463 10 18
581 2 16
801 5 9
842 6 29
405 5 34
584 7 13
625 8 38
979 11 12
542 10 33
146 10 22
676 10 26
280 10 12
618 5 38
752 5 26
838 8 12
796 11 37
359 10 19
493 10 31
534 11 32
914 3 6
652 3 5
831 5 20
872 6 24
706 10 14
747 11 15
865 3 33
823 6 35
944 3 15
777 11 15
55 2 31
268 2 6
6 2 20
143 7 25
481 2 31
222 7 9
36 2 12
173 7 12
115 2 10
290 3 5
207 5 19
427 8 22
210 10 23
369 3 38
286 5 13
420 5 6
24 5 28
640 8 29
161 10 29
598 11 16
799 1 11
202 11 24
978 3 22
582 3 18
499 5 8
58 3 14
17 2 25
540 6 22
237 5 29
457 8 21
61 8 32
795 3 20
929 3 11
970 4 13
753 6 31
271 3 20
450 5 26
491 6 24
54 5 39
191 10 40
628 11 19
829 1 35
232 11 13
746 3 24
350 3 24
966 6 27
704 6 6
267 5 19
924 9 5
487 8 32
225 8 30
662 9 12
841 11 39
445 11 15
579 11 16
183 11 13
521 6 12
958 7 37
655 6 17
741 9 24
438 8 26
42 8 27
479 9 15
875 9 6
658 11 36
176 8 14
859 1 6
396 11 12
993 1 33
776 3 10
951 4 26
734 6 6
868 6 34
472 6 15
692 9 9
871 11 25
475 11 19
609 11 6
810 1 23
727 3 27
768 4 19
685 6 14
468 8 31
905 9 25
247 9 11
426 11 21
898 6 20
939 7 28
856 9 21
460 9 28
840 1 36
798 4 15
935 9 16
539 9 25
969 7 29
927 10 32
122 3 21
335 3 28
235 1 35
152 3 22
27 8 10
314 1 15
448 1 28
365 3 28
406 4 14
103 3 30
106 8 8
64 11 17
661 1 34
399 1 36
3 1 10
182 3 16
223 4 31
140 6 31
98 9 28
832 4 9
395 3 6
436 4 26
133 3 27
615 6 11
790 7 33
94 11 8
295 1 33
33 1 23
649 4 37
253 4 25
167 1 7
170 6 16
607 7 14
390 9 16
524 9 32
128 9 19
45 11 28
642 1 27
246 1 12
683 2 9
903 5 10
466 4 18
600 4 5
686 7 32
383 6 21
424 7 23
820 7 18
603 9 11
644 10 26
341 9 26
762 2 36
896 2 27
459 1 28
679 4 34
417 4 14
637 7 7
991 10 19
158 9 32
892 4 35
933 5 6
671 5 27
368 4 10
454 7 38
850 7 29
192 7 11
808 10 23
371 9 30
884 5 36
447 4 16
801 7 28
405 7 16
625 10 30
759 10 28
743 2 24
660 4 32
838 10 25
972 10 21
956 2 9
652 5 34
831 7 5
789 10 31
393 10 36
865 5 6
823 8 36
902 8 16
890 11 25
97 1 14
55 4 8
168 2 8
43 7 28
78 1 28
119 2 13
515 2 23
36 4 25
198 2 36
552 5 11
290 5 39
293 10 16
807 2 34
108 1 38
149 2 10
283 2 9
765 5 37
66 4 33
286 7 30
506 10 37
640 10 40
244 10 10
978 5 7
320 5 17
540 8 12
237 7 19
278 8 26
195 10 14
878 3 16
179 2 20
616 3 7
795 5 37
354 3 31
533 5 19
137 5 21
357 8 23
491 8 31
526 2 32
567 3 17
130 2 16
746 5 34
787 6 33
966 8 10
570 8 31
267 7 36
487 10 28
46 8 21
662 11 33
646 3 17
780 3 34
866 6 13
1000 6 39
301 5 26
783 8 33
917 8 15
958 9 39
521 8 37
655 8 21
741 11 13
438 10 27
42 10 17
875 11 37
479 11 9
176 10 36
859 3 24
993 3 10
776 5 16
817 6 28
555 6 18
775 9 28
954 11 26
558 11 34
692 11 7
255 10 10
768 6 9
947 8 23
551 8 27
988 9 10
685 8 9
509 11 29
844 1 35
981 6 17
805 9 29
939 9 17
923 1 25
460 11 29
840 3 32
798 6 25
756 9 22
30 2 31
122 5 34
243 2 33
22 3 16
235 3 5
448 3 35
11 2 22
52 3 15
186 3 24
189 8 11
147 11 34
482 1 13
661 3 37
265 3 10
3 3 38
223 6 18
402 8 18
140 8 12
181 9 9
360 11 29
98 11 8
695 1 8
82 3 24
216 3 6
832 6 29
436 6 6
174 6 31
790 9 30
353 8 13
311 11 30
908 1 20
295 3 13
470 4 12
253 6 5
987 1 32
725 1 40
329 1 16
463 1 29
549 4 27
945 4 7
903 7 18
686 9 32
424 9 16
121 8 11
162 9 24
542 1 34
79 11 37
676 1 6
459 3 27
500 4 19
679 6 32
720 7 35
899 9 15
21 6 38
417 6 33
637 9 20
155 6 40
375 9 33
292 11 11
493 1 6
630 6 6
368 6 29
850 9 15
891 10 12
192 9 32
371 11 11
968 1 37
530 4 16
967 5 27
842 10 32
960 2 10
877 4 21
660 6 32
835 7 23
921 10 15
956 4 27
997 5 22
914 7 40
518 7 24
652 7 14
872 10 27
990 2 17
948 5 20
731 7 40
823 10 35
902 10 13
936 8 13
97 3 7
55 6 9
131 1 24
210 1 11
127 3 36
168 4 25
302 4 38
126 7 33
43 9 36
77 7 26
811 2 23
112 1 25
332 4 14
552 7 8
156 7 8
73 9 39
494 2 12
628 2 5
191 1 26
366 2 18
149 4 40
586 5 20
369 7 16
107 7 21
24 9 5
65 10 38
841 2 16
445 2 31
142 1 29
183 2 5
100 4 9
582 7 8
658 2 32
792 2 11
396 2 14
878 5 40
575 4 39
616 5 5
795 7 39
354 5 24
533 7 22
137 7 19
970 8 9
357 10 31
912 3 39
475 2 26
609 2 18
213 2 29
829 5 29
433 5 10
347 2 36
130 4 15
787 8 34
704 10 39
863 3 29
426 2 13
560 2 13
646 5 37
343 4 21
866 8 38
1000 8 35
563 7 16
301 7 23
783 10 14
958 11 33
125 10 32
639 2 7
859 5 38
993 5 5
597 5 36
514 7 7
775 11 27
810 5 24
414 5 21
854 11 10
551 10 25
710 3 6
844 3 21
847 8 29
981 8 34
764 10 19
543 11 16
923 3 17
881 6 16
798 8 38
756 11 35
3
46
116
41
66
100
83
98
10
8
149
12
129
45
85
106
22
141
9
129
48
37
145
124
63
15
74
81
27
55
78
97
113
126
68
63
67
118
97
17
147
78
103
72
94
47
50
66
75
121
42
105
35
51
107
2
122
137
109
88
78
82
93
82
130
31
145
126
127
77
103
92
24
122
112
127
134
64
122
107
146
87
45
61
142
105
119
74
59
135
139
36
106
139
7
95
78
95
6
45
74
141
35
141
52
104
92
135
3
134
27
74
112
67
122
79
115
66
96
98
2
141
126
19
73
128
107
39
128
45
84
43
127
47
80
111
20
51
99
137
149
48
97
7
148
85
140
99
109
90
23
9
11
50
108
111
64
11
130
84
12
87
98
59
44
9
10
89
28
32
56
20
100
93
86
82
110
121
131
137
73
50
148
132
39
116
83
125
36
43
55
106
21
18
48
38
70
40
83
82
29
78
49
127
144
138
68
111
9
148
37
127
82
141
137
84
59
80
22
104
51
37
13
43
33
14
87
81
14
31
100
150
108
66
134
45
143
0
133
104
128
94
51
134
17
3
58
1
24
133
101
107
61
50
43
15
86
26
83
106
143
61
25
122
146
88
64
37
103
57
39
122
76
7
38
120
96
135
5
77
149
25
139
24
36
64
53
3
18
126
127
107
50
99
67
85
88
48
34
52
51
42
56
34
130
135
15
44
78
87
51
128
40
67
69
105
25
110
7
35
146
81
16
114
20
46
12
140
67
63
3
116
74
101
132
77
123
40
11
112
66
105
60
54
89
29
127
100
30
89
25
102
82
106
53
135
52
5
12
52
130
114
146
94
135
128
54
112
81
126
60
93
0
65
77
38
95
148
45
100
92
47
83
43
145
117
149
114
31
98
132
53
76
87
97
8
109
53
90
114
136
82
68
4
51
144
47
26
34
101
34
88
25
23
41
136
27
53
59
45
101
97
72
1
119
23
70
26
12
71
49
133
59
128
71
94
77
22
60
133
101
96
145
105
129
1
108
69
32
51
0
28
145
94
98
71
137
42
55
67
98
5
75
122
48
45
139
7
125
146
110
35
33
45
26
101
138
62
66
143
123
87
57
81
55
33
70
138
52
57
81
136
74
150
39
135
140
48
52
38
135
74
134
32
70
101
57
135
141
88
42
119
67
145
73
33
6
150
20
121
70
124
4
79
24
31
135
119
138
142
129
82
17
5
93
87
145
123
32
57
101
88
9
73
107
32
1
21
76
37
63
132
14
130
132
46
93
86
4
38
26
88
148
42
115
5
94
16
54
101
70
136
67
25
99
47
38
98
60
22
15
110
57
52
131
26
63
74
66
55
83
92
82
144
57
51
5
130
15
124
124
45
119
7
90
57
107
104
74
2
22
36
43
32
130
134
79
74
120
58
125
95
46
142
57
124
81
58
62
142
137
129
23
99
59
136
50
62
71
141
74
65
145
58
114
118
34
92
138
117
45
1
30
1
136
73
121
57
5
124
24
94
67
116
51
14
54
67
47
71
33
27
145
90
10
50
5
90
29
37
146
21
38
98
127
21
33
20
133
0
29
114
42
46
43
45
62
56
76
112
52
87
73
98
63
96
10
73
12
71
117
31
113
148
135
125
10
84
4
40
123
107
139
93
35
61
118
132
113
123
12
47
135
110
91
21
129
125
45
40
118
35
101
33
54
128
40
9
48
20
21
56
39
67
64
40
144
52
31
68
72
132
4
141
130
87
103
118
62
107
121
119
96
68
27
117
78
139
40
106
84
87
54
75
38
69
74
36
128
67
43
65
99
44
141
5
102
11
114
5
44
82
94
19
5
52
47
16
104
35
41
88
133
100
14
44
28
114
14
125
18
87
93
60
39
118
111
122
35
116
104
57
75
138
119
12
141
28
67
141
28
85
61
143
73
58
86
136
58
121
115
89
69
94
133
70
94
44
126
68
95
48
63
10
5
50
101
109
90
80
61
113
113
33
121
39
6
26
142
133
84
71
97
40
4
70
120
146
58
113
81
49
80
23
108
72
124
76
23
33
95
123
115
58
122
124
124
41
146
0
4
41
85
134
51
54
121
124
82
0
121
138
141
70
6
27
78
99
101
43
56
108
112
50
84
48
109
147
37
17
118
105
102
45
109
148
39
32
72
84
74
55
55
84
110
53
19
26
83
12
68
31
107
134
73
137
18
93
104
36
83
149
45
22
70
106
69
118
129
65
5
41
117
76
93
27
42
26
118
132
106
13
63
67
115
16
22
80
39
18
25
74
148
38
0
64
60
150
34
122
10
7
103
145
16
36
130
39
40
135
105
141
10
132
140
92
110
38
90
108
68
120
59
77
143
87
88
65
69
3
85
102
31
29
8
94
79
125
83
119
13
6
128
76
147
106
0
19
116
146
148
146
79
37
16
53
64
68
75
83
135
143
66
122
62
9
57
52
52
61
40
51
55
100
12
98
10
27
7
76
68
149
12
143
51
12
5
116
131
91
9
37
75
43
54
137
79
86
77
95
34
117
7
107
69
85
47
61
59
94
103
129
55
145
64
53
14
22
51
23
36
45
22
79
48
91
116
62
14
3
48
27
5
100
17
87
40
125
53
8
102
123
66
58
147
16
104
78
125
2
25
29
23
123
136
92
34
50
46
86
143
71
45
129
106
102
120
64
72
36
29
50
38
89
78
26
114
124
32
25
84
34
33
124
47
142
25
63
32
86
79
111
59
9
112
105
18
59
91
129
120
31
21
134
12
1
123
1
14
144
31
132
122
142
39
60
80
38
27
138
83
80
92
30
149
146
60
129
14
90
50
125
35
76
114
12
36
13
88
3
114
6
36
113
42
52
43
49
87
45
115
33
95
43
125
99
32
3
27
46
36
103
6
24
56
147
63
36
20
71
91
95
130
27
80
92
7
65
30
22
102
44
99
97
69
108
118
44
136
128
115
64
111
85
68
5
123
14
63
65
116
10
45
30
127
4
82
34
12
96
147
138
102
18
37
126
41
13
128
95
109
127
70
101
136
117
137
22
34
74
118
92
68
10
87
105
140
105
100
92
68
142
8
50
75
125
92
99
149
61
7
39
56
120
27
27
36
58
50
129
43
74
142
15
67
124
82
6
59
107
112
123
124
105
72
126
67
70
51
73
126
37
129
84
139
127
80
107
9
13
57
11
133
3
51
50
8
60
126
127
81
100
3
2
38
133
0
0
30
67
128
67
103
61
115
86
105
133
54
110
13
62
109
20
3
132
86
11
36
102
6
25
104
104
8
105
148
12
33
42
63
62
122
148
39
83
84
55
94
54
109
75
42
63
118
53
147
103
61
124
41
91
108
42
75
125
31
114
28
119
46
120
55
31
37
29
134
122
36
31
26
54
28
111
23
18
123
100
14
91
120
35
73
113
105
61
30
112
127
74
86
60
145
1
58
20
127
128
109
50
43
3
60
55
121
149
129
22
46
82
142
124
15
48
87
128
64
95
92
118
1
90
66
113
87
23
55
9
98
34
94
43
133
128
124
127
32
31
0
100
150
23
43
13
88
131
132
139
113
137
83
126
106
38
75
60
56
12
37
7
37
2
136
31
113
0
98
112
119
85
94
132
22
53
79
110
120
30
131
58
96
32
2
89
148
71
10
103
144
52
37
105
74
50
135
48
60
123
119
48
109
139
4
2
80
34
57
120
126
53
78
85
134
150
82
133
132
135
108
91
74
86
103
86
112
13
82
15
103
144
126
26
116
4
72
120
64
74
39
60
23
146
119
77
19
72
95
81
75
45
82
13
87
67
28
20
33
150
113
115
65
4
141
4
119
142
44
60
137
85
115
74
82
56
101
74
90
72
27
73
138
105
84
63
53
89
122
145
76
133
70
76
100
27
28
98
116
101
105
21
118
108
110
113
73
107
131
139
113
39
0
79
105
1
39
59
35
66
46
20
27
78
21
79
15
47
145
98
85
76
51
38
71
108
112
72
24
148
120
138
16
138
3
99
52
81
88
4
91
64
130
94
83
76
17
30
126
27
38
1
143
21
96
112
85
3
25
122
40
116
74
66
61
38
22
148
47
119
122
45
15
118
122
52
91
83
95
144
141
20
34
63
30
45
6
20
50
4
17
94
149
47
101
43
36
57
129
125
130
10
83
13
118
4
132
33
129
67
77
34
146
40
73
68
77
94
66
84
55
44
98
82
59
49
0
108
85
55
119
95
145
120
86
45
68
100
46
35
55
29
72
58
65
95
24
81
24
135
6
22
139
63
90
106
107
9
57
51
118
37
97
26
10
114
146
91
104
85
121
16
74
94
87
91
74
2
80
11
6
142
65
107
118
35
142
45
31
1
39
105
150
86
38
70
135
94
75
12
89
120
127
20
120
61
113
94
121
31
31
1
93
1
14
87
7
16
72
49
24
72
101
103
7
110
108
99
140
38
126
9
39
104
150
38
104
137
100
126
34
54
76
44
45
21
94
112
120
108
94
0
105
62
75
50
85
111
131
18
126
66
102
137
37
150
140
50
138
26
2
52
10
46
18
2
48
86
129
36
7
52
25
18
9
49
137
107
87
146
118
96
62
116
20
78
12
142
95
36
44
64
133
15
115
150
49
120
138
49
85
58
52
45
47
12
130
64
60
78
128
4
137
19
39
8
28
26
63
102
58
43
83
81
39
17
91
141
102
45
49
38
143
47
59
73
30
12
123
14
19
36
106
73
60
89
70
103
40
50
108
19
49
20
123
31
122
65
40
119
132
86
119
51
111
74
10
53
79
72
2
4
105
22
49
0
85
45
5
135
108
50
138
38
143
26
108
134
94
56
9
125
93
118
119
46
30
130
150
90
56
76
20
20
67
43
104
96
70
4
74
45
100
108
95
49
3
80
92
128
55
14
28
71
62
77
100
71
146
114
110
94
43
1
82
68
82
101
61
83
77
98
93
121
115
48
124
65
77
96
50
11
43
125
1
93
127
92
18
125
53
71
44
109
114
36
24
56
60
1
120
141
70
101
73
28
102
98
108
123
118
110
137
73
114
47
25
147
81
71
137
131
92
120
6
84
120
66
49
43
7
57
125
89
47
101
109
25
12
22
73
46
78
1
102
148
124
118
96
85
53
35
19
40
76
0
32
87
66
26
143
31
124
150
95
37
88
29
124
97
109
32
113
87
78
0
146
37
41
97
3
115
141
121
146
28
78
139
25
16
25
111
143
114
57
94
23
96
143
88
144
129
120
89
111
18
6
126
64
6
93
149
130
50
41
126
96
55
63
108
107
111
10
3
88
17
84
40
147
60
116
107
75
91
112
45
120
95
21
147
9
51
95
7
141
42
83
62
52
4
50
113
12
98
48
46
97
62
60
28
117
140
75
105
136
27
0
135
113
8
2
24
2
30
78
118
89
1
79
87
108
85
83
125
142
111
40
35
8
93
106
120
100
5
91
126
41
99
28
92
59
22
75
58
140
76
94
52
61
127
112
99
130
117
75
78
82
126
40
22
107
33
141
21
69
82
51
71
84
147
73
43
69
70
61
26
27
22
69
13
43
142
125
150
86
134
148
40
143
32
89
121
118
138
48
90
97
69
134
0
130
20
77
15
123
67
39
116
36
22
93
78
139
99
50
56
113
75
39
92
44
86
40
20
1
116
138
73
51
128
4
146
111
86
8
35
60
150
67
139
95
26
66
59
144
61
47
20
100
76
38
139
101
94
111
137
80
11
77
29
63
59
31
61
26
137
37
140
0
66
71
14
1
7
89
12
81
17
148
1
106
141
34
124
149
8
32
10
141
6
53
31
142
85
22
142
87
141
97
3
50
45
37
30
93
121
27
15
145
133
143
65
75
134
76
74
77
148
150
84
45
9
117
27
42
51
20
149
120
127
145
39
76
142
150
48
142
122
122
50
43
69
100
75
125
96
47
32
32
34
121
64
5
82
125
128
10
40
81
86
76
66
37
119
68
37
77
16
95
45
112
45
97
49
129
2
56
35
64
62
38
5
17
116
23
32
52
74
149
70
85
36
143
120
37
149
16
34
90
64
93
81
58
48
46
27
100
133
78
106
88
105
7
126
150
130
6
71
29
131
63
32
62
37
122
44
133
121
105
13
73
137
114
120
79
60
69
28
101
110
69
139
40
129
46
90
72
128
85
100
54
150
47
55
138
55
128
91
3
94
53
71
56
148
73
132
109
64
105
118
1
141
123
38
72
3
131
138
100
52
33
66
90
115
4
30
81
144
78
75
49
110
1
135
26
148
46
74
115
19
46
0
111
143
130
28
6
63
67
82
112
116
88
93
70
98
35
145
36
34
33
46
27
116
35
109
34
34
14
141
127
35
124
60
26
92
94
31
2
89
71
86
144
53
114
106
146
67
131
84
136
23
150
126
73
3
7
101
17
118
14
88
124
108
69
99
136
135
33
139
0
29
81
82
52
99
26
78
70
138
6
27
131
29
141
112
44
110
77
5
147
45
128
129
80
1
66
126
36
144
30
54
59
81
107
73
90
55
30
46
87
15
83
139
40
24
115
36
25
74
4
141
125
59
19
6
135
72
43
39
36
132
61
90
87
80
150
112
48
67
51
31
122
79
9
27
27
150
91
139
107
123
60
77
12
56
18
30
122
107
100
50
137
68
108
79
13
115
139
23
8
106
48
36
91
126
119
10
61
92
114
88
78
8
78
2
137
90
39
49
31
81
23
33
26
149
97
33
139
44
75
87
17
59
34
132
145
145
108
84
53
50
46
24
45
80
44
150
119
76
73
87
84
32
66
33
142
118
98
134
85
60
90
148
63
52
132
82
62
6
144
35
37
10
97
8
24
47
56
102
39
57
147
11
81
38
97
82
16
50
99
51
40
46
102
126
110
101
111
136
71
95
51
89
108
47
136
142
81
101
49
18
78
1
92
4
33
143
106
137
83
81
40
30
120
53
144
16
78
15
37
105
44
30
75
146
74
104
112
61
25
110
33
6
91
122
134
150
4
144
61
99
143
125
103
138
57
49
28
102
96
83
125
28
97
68
32
95
149
82
129
34
1
25
126
41
6
110
55
116
46
58
35
40
93
29
129
8
134
36
14
137
52
64
27
12
137
9
124
95
83
75
38
75
74
137
55
2
33
45
114
92
63
147
39
37
116
102
44
33
85
145
57
94
96
31
111
118
31
62
57
2
1
39
143
33
38
12
56
131
60
129
29
53
124
92
55
42
62
38
7
148
112
46
149
12
119
108
57
145
58
77
58
127
17
78
60
77
47
19
10
40
111
74
30
30
143
112
12
123
5
113
13
134
6
100
4
129
113
0
127
32
119
16
130
0
39
90
124
44
95
91
131
136
15
100
88
23
20
99
4
80
138
120
113
71
25
135
58
98
28
140
25
142
94
124
14
85
104
93
102
42
52
117
26
44
6
63
19
105
103
149
40
143
96
115
2
130
135
57
39
86
107
110
6
20
125
130
68
131
32
60
82
116
11
2
68
3
22
114
38
41
134
96
57
14
76
147
137
113
23
95
104
106
32
100
10
47
144
69
33
119
10
18
24