999
254 315 8
517 520 10
478 556 6
887 960 4
1332 1414 2
828 900 6
471 496 8
386 409 6
4 103 9
440 499 6
959 978 10
500 513 3
862 884 8
691 732 4
1325 1372 8
1105 1145 1
310 369 8
826 851 1
1052 1112 6
198 283 6
1300 1313 1
814 892 7
892 938 10
734 827 7
524 530 6
944 953 6
788 865 1
1129 1150 3
189 197 6
741 827 1
1112 1198 7
1213 1248 8
889 909 1
276 278 6
323 327 8
433 495 2
335 367 1
303 306 1
1035 1083 9
519 568 7
353 381 1
1199 1290 1
1049 1129 2
624 671 4
448 520 2
592 624 10
62 108 7
1145 1209 5
637 727 8
1098 1118 4
1237 1326 3
905 946 3
901 959 7
229 238 8
4 59 5
476 497 1
756 834 1
904 955 5
423 517 4
1306 1360 2
160 193 9
219 317 10
1160 1218 7
1050 1133 4
332 363 8
21 57 10
619 680 9
258 294 8
159 163 3
1030 1064 1
1196 1204 8
1385 1431 10
843 895 6
184 215 5
280 332 9
1305 1376 5
471 554 10
635 733 6
771 857 10
555 648 3
659 700 4
1113 1202 5
1105 1195 8
135 209 2
1379 1419 9
504 560 7
89 118 2
1293 1340 10
1286 1320 4
847 909 6
1261 1347 6
27 113 9
1363 1403 4
1109 1111 7
589 639 3
171 188 6
623 720 7
1219 1265 5
1311 1320 8
42 131 7
1004 1014 9
1394 1419 5
327 328 1
1219 1254 8
668 685 8
448 517 7
696 752 3
1127 1216 7
570 601 4
332 397 8
1184 1200 7
251 273 4
107 182 9
562 641 10
603 691 8
553 611 9
417 452 6
1121 1181 8
895 919 4
672 696 6
1354 1421 8
590 681 6
878 921 10
1399 1431 5
1188 1221 8
790 851 2
929 960 9
402 427 7
931 1013 3
794 806 6
319 323 3
697 789 3
1180 1188 8
547 580 7
84 158 5
844 884 6
564 610 10
1145 1239 1
383 397 3
1307 1349 10
53 153 2
380 447 2
1070 1136 5
226 304 8
1128 1216 10
664 730 5
240 257 8
1278 1349 4
193 259 5
106 113 10
807 829 4
1313 1385 3
905 998 8
554 641 3
968 1038 8
1114 1129 10
947 951 1
923 942 3
72 90 10
254 268 7
270 365 9
278 285 10
919 947 6
1177 1271 1
789 882 4
1373 1412 4
1120 1183 3
426 509 5
324 399 8
491 586 1
35 115 5
1002 1097 3
1389 1435 7
467 494 7
496 584 1
459 525 8
135 186 6
795 829 7
1102 1131 1
1119 1149 1
360 428 10
144 183 5
367 441 5
1367 1419 4
1230 1231 7
1068 1099 2
51 85 1
1395 1415 9
743 748 7
182 221 1
729 742 4
17 47 2
395 419 1
667 736 4
493 530 4
1078 1122 8
137 228 1
1395 1428 8
261 290 5
207 279 6
262 280 3
254 354 10
1036 1080 3
790 839 10
568 614 5
172 192 5
670 715 7
649 709 3
886 969 9
279 349 10
221 227 9
557 566 10
1354 1385 2
1107 1177 3
13 26 3
311 334 5
184 189 5
505 569 2
1144 1194 10
942 1042 4
478 537 2
78 130 3
822 827 3
726 791 2
1037 1069 5
884 977 3
1358 1382 1
853 945 3
599 653 7
475 571 3
1127 1203 5
1030 1127 1
259 354 1
1361 1431 5
513 554 5
320 358 9
1384 1410 3
564 656 6
614 656 1
830 917 4
541 621 9
715 737 5
795 814 8
1262 1263 2
1360 1371 3
685 710 9
1166 1256 5
484 556 1
899 963 4
345 368 4
690 778 6
944 973 9
984 1004 4
107 114 1
784 830 6
313 365 10
853 931 9
1074 1128 8
371 391 9
493 581 9
949 973 4
1293 1345 1
237 247 10
1363 1416 7
385 446 2
419 436 4
1286 1347 10
382 470 3
817 839 7
1051 1118 5
288 356 4
587 611 6
634 728 2
762 795 1
859 932 8
524 533 2
501 549 2
1331 1371 1
359 431 7
1229 1310 10
482 521 1
968 998 10
758 766 4
71 150 6
23 83 2
221 289 3
748 769 4
994 1058 3
348 405 6
1213 1231 4
1077 1166 2
1143 1203 10
958 1024 8
815 853 9
1084 1088 10
421 432 7
888 913 10
37 119 6
489 510 2
274 298 3
919 1015 6
411 481 1
271 363 2
368 384 2
1194 1269 6
384 451 7
1123 1215 5
1236 1259 5
436 531 10
797 855 10
226 252 5
832 888 10
1334 1337 2
1106 1188 8
1394 1421 3
1183 1269 6
361 454 3
773 813 6
960 1021 8
1331 1339 1
245 340 6
1289 1291 1
293 333 9
288 332 6
646 742 10
793 877 9
866 938 8
433 474 10
1206 1266 10
528 612 5
130 214 4
141 221 1
1341 1383 6
164 177 7
1001 1048 4
759 785 3
541 592 7
342 370 2
175 252 2
1169 1269 5
349 412 6
1145 1158 6
421 515 8
258 303 4
1307 1363 6
1204 1251 1
462 520 6
744 832 3
904 985 5
922 966 5
1112 1163 10
742 780 8
1368 1378 10
989 1029 2
350 450 9
656 713 8
394 474 2
487 575 9
898 969 10
1137 1186 4
213 236 2
1337 1349 1
1347 1350 4
595 658 4
808 831 8
805 864 4
1237 1298 3
51 105 4
104 141 7
1327 1403 5
834 845 5
559 620 9
430 437 9
337 413 2
177 208 4
216 283 5
1323 1356 8
54 89 7
1380 1417 3
637 642 9
1191 1245 8
850 936 4
753 764 10
960 982 2
792 812 4
720 745 7
1310 1403 4
476 556 8
214 304 4
618 704 7
196 286 4
703 768 8
1319 1321 1
586 637 10
990 1005 9
593 619 4
265 272 3
60 107 6
1304 1376 9
712 781 1
142 160 4
299 345 7
866 871 3
1329 1420 8
1398 1405 5
1210 1261 7
1039 1106 10
1175 1258 7
516 559 5
630 690 5
259 295 7
1008 1034 2
957 999 5
422 519 4
501 520 2
386 436 6
579 601 5
1062 1105 9
265 318 5
950 952 2
1167 1221 10
777 875 8
108 140 4
85 98 6
1376 1404 9
743 773 6
138 219 4
39 109 5
771 856 6
1280 1286 7
462 555 9
781 819 6
931 997 2
192 199 3
524 534 2
490 578 3
483 548 7
392 418 4
1123 1173 5
806 844 2
851 912 2
935 1028 6
376 377 1
308 385 2
1240 1310 3
900 987 9
404 451 9
822 919 5
1032 1067 4
626 692 9
1316 1379 3
616 650 9
1054 1091 9
226 301 5
592 651 6
749 824 4
20 101 6
594 639 10
1395 1422 10
1385 1395 6
25 123 7
373 464 10
17 43 3
395 466 7
914 969 7
898 948 4
725 783 8
263 266 5
1031 1092 3
17 104 1
956 985 8
887 968 9
56 108 6
593 654 2
326 345 10
812 845 7
1196 1213 9
1080 1124 5
775 798 8
1233 1237 3
968 995 1
459 516 3
243 290 2
618 688 1
259 288 4
972 1060 4
577 616 7
1097 1109 6
1102 1187 2
1385 1407 9
1179 1246 10
1029 1118 3
483 511 2
927 964 10
455 470 3
659 698 10
307 313 10
664 728 5
928 983 9
1293 1294 8
319 379 8
1126 1150 2
338 390 6
269 358 4
112 145 10
628 646 1
1387 1400 9
878 934 7
1312 1331 5
245 290 4
1361 1400 6
1326 1335 7
1059 1089 2
1138 1220 10
74 168 6
1125 1201 9
404 416 1
1387 1415 2
642 703 4
45 86 7
1313 1409 9
509 552 5
1373 1396 7
152 246 4
1000 1096 10
109 111 10
253 334 9
996 1040 1
1363 1375 6
158 217 6
206 305 4
1258 1313 8
756 800 9
388 413 4
19 111 7
1168 1213 10
920 1011 4
1300 1321 1
468 492 7
866 964 2
1267 1323 4
727 751 7
198 249 1
594 636 3
415 503 1
796 879 7
847 909 9
729 741 2
281 289 4
116 191 2
291 345 8
308 328 4
418 511 5
1294 1389 4
1153 1158 8
1274 1310 5
1039 1096 9
850 873 9
1284 1303 8
1400 1411 10
660 726 4
140 153 6
1321 1397 9
399 408 6
1017 1026 1
470 540 9
1165 1190 4
930 1008 2
1260 1268 4
159 173 5
1301 1388 1
425 431 3
781 821 4
1327 1400 7
199 261 5
1116 1171 10
1259 1347 7
154 230 8
1242 1329 10
38 81 10
833 889 2
1298 1389 5
656 694 10
467 533 3
773 821 3
61 83 6
305 340 7
720 791 6
4 64 6
804 871 5
1162 1244 5
1242 1252 4
344 398 8
908 988 4
180 195 4
418 491 3
808 821 9
412 459 7
1129 1197 2
38 42 3
999 1099 5
611 643 6
147 212 3
1098 1195 6
586 651 10
23 117 3
139 143 1
229 283 10
96 180 5
1387 1423 1
767 856 9
408 497 1
683 735 8
330 412 5
591 649 6
283 288 6
933 948 6
220 298 1
678 723 9
406 483 9
980 1062 10
565 595 1
7 79 8
930 945 1
1080 1126 5
959 1043 6
260 309 6
1276 1370 2
593 619 4
965 1063 2
487 495 3
36 90 7
1028 1088 1
1338 1422 2
1059 1121 1
567 619 3
1144 1235 10
1201 1293 10
1206 1241 5
1332 1388 1
328 366 6
609 628 4
547 639 10
148 228 6
54 113 1
518 582 4
1261 1305 9
875 973 4
1199 1245 2
395 416 4
919 937 4
191 273 1
812 890 9
71 168 9
1112 1121 7
253 320 10
1188 1232 1
1255 1331 3
275 368 2
578 611 8
250 297 6
648 708 3
394 486 8
587 601 8
110 163 2
235 264 7
939 1023 5
588 638 8
1351 1362 6
956 1049 5
656 719 8
903 963 6
1045 1106 8
1245 1308 6
15 28 8
698 735 3
1034 1100 5
438 518 9
236 336 8
216 261 9
23 61 10
1165 1250 10
1222 1247 5
444 498 9
680 731 8
755 830 1
876 892 6
685 698 10
1187 1262 8
323 354 4
1024 1086 1
271 301 9
1008 1042 7
192 264 5
192 266 3
438 499 1
52 62 5
97 131 9
1372 1412 3
568 634 10
635 687 7
676 773 2
787 796 5
89 119 6
1007 1052 6
310 392 1
295 362 10
1169 1237 10
1051 1080 4
774 806 10
663 703 6
713 722 10
472 520 6
607 696 10
1099 1100 9
1291 1362 6
223 318 2
461 554 6
401 416 7
962 1028 2
986 988 1
1158 1181 2
704 784 9
205 249 5
42 52 5
1064 1098 9
918 949 4
300 312 4
1118 1152 7
205 212 1
1361 1426 4
1160 1179 6
1036 1073 7
524 540 2
245 279 9
1093 1120 3
869 939 1
318 363 1
1212 1263 6
488 553 2
608 645 5
596 630 2
929 938 5
1212 1265 3
412 440 1
20 56 10
453 553 3
780 797 9
1218 1220 7
170 203 6
1371 1424 5
848 888 5
851 865 4
315 402 2
1348 1386 1
573 616 10
1143 1186 8
846 906 6
779 830 4
279 286 6
211 227 1
18 23 3
1282 1378 9
1038 1105 6
830 885 9
651 658 3
1343 1385 1
252 258 6
344 410 4
99 186 9
392 398 1
1342 1384 6
952 987 3
663 747 3
724 726 4
859 866 8
1126 1158 8
1288 1328 3
1201 1269 3
897 919 7
918 1009 9
508 529 10
720 746 2
1302 1330 5
672 707 8
222 313 5
1271 1357 1
1143 1184 2
277 331 1
1015 1099 3
416 425 10
1017 1061 9
154 224 6
339 437 10
1344 1373 10
1316 1370 4
435 494 8
1152 1217 8
682 741 3
299 304 3
213 247 5
333 398 10
289 294 10
484 536 6
906 918 10
628 629 2
1193 1268 7
651 700 10
183 261 10
1286 1310 2
146 240 3
1076 1116 3
808 852 5
53 56 1
884 907 6
431 438 2
1333 1398 3
685 700 4
166 260 1
355 386 7
1010 1075 6
1196 1277 2
714 791 5
1286 1311 7
1048 1050 3
1394 1400 8
416 481 8
286 351 5
1160 1216 5
1360 1434 8
521 570 10
919 931 9
214 279 9
1234 1330 7
840 875 6
1078 1154 7
1067 1142 9
1243 1299 5
505 587 1
957 980 5
710 792 2
169 198 4
130 222 1
255 310 3
421 453 3
889 907 8
1217 1231 5
624 682 4
719 782 2
669 716 10
1143 1233 3
597 691 4
1336 1397 1
36 65 2
517 541 4
670 715 9
1026 1105 9
87 88 10
1128 1227 1
1400 1402 3
933 979 6
1219 1301 10
878 883 3
120 182 4
268 271 1
1223 1300 2
800 869 1
888 909 1
265 342 7
555 646 4
1177 1199 1
487 562 6
1249 1292 5
168 205 7
770 800 5
1383 1397 7
143 164 5
964 1035 10
202 265 10
388 405 3
768 856 10
1228 1299 1
736 745 9
939 1007 4
737 833 4
538 553 3
1394 1405 10
1027 1093 7
858 900 8
768 849 5
1317 1360 9
460 488 10
1140 1213 10
370 406 2
926 931 8
943 951 7
1233 1237 7
15 45 2
806 891 7
84 179 10
1053 1071 3
433 444 3
1006 1044 1
959 1018 7
617 696 1
345 379 8
1375 1421 2
557 592 7
338 360 5
85 119 5
1397 1436 4
1111 1151 5
710 799 10
617 661 5
874 966 3
444 504 3
690 786 10
613 707 4
650 743 2
1145 1243 5
1090 1178 10
1069 1151 2
887 915 3
13 49 1
814 899 9
1253 1259 10
1180 1229 6
1015 1094 5
349 370 8
526 599 6
896 922 3
179 229 8
257 293 5
72 159 2
877 879 10
860 946 4
968 1052 6
284 345 4
504 544 5
923 980 9
970 973 8
279 340 8
563 650 9
87 117 7
1347 1408 2
55 101 7
989 1002 6
122 193 8
275 339 1
315 409 6
516 585 4
589 659 5
491 549 2
1288 1384 10
754 849 7
316 365 7
1351 1432 9
79 148 3
171 193 8
1056 1144 5
891 953 8
1165 1170 3
379 406 2
589 620 5
734 749 3
1043 1082 2
1179 1274 10
204 221 1
34 51 3
544 550 10
831 835 7
1070 1085 1
481 517 6
1285 1286 2
6 44 9
646 673 10
418 505 8
123 220 5
911 924 4
1384 1393 4
1063 1086 1
207 213 9
369 449 3
1182 1194 9
785 867 1
58 146 2
943 979 3
266 309 1
1250 1350 4
1374 1409 2
165 258 6
986 1066 2
1110 1123 2
963 982 1
1211 1258 9
91 181 6
1042 1102 6
470 509 10
193 247 8
