999
514 602 10
913 921 7
358 366 3
251 317 6
863 895 8
857 902 9
619 696 7
316 398 3
638 642 3
1063 1155 3
1145 1179 2
620 660 8
156 227 3
326 365 8
1051 1080 7
775 832 8
294 377 9
589 638 9
224 273 1
1195 1259 5
413 434 4
1017 1020 7
948 999 1
1013 1029 9
700 723 3
719 803 9
440 538 9
130 177 6
93 142 5
303 315 10
102 177 8
1280 1295 4
362 416 6
1280 1287 2
754 759 3
378 462 4
1212 1310 6
961 995 9
455 492 3
1176 1190 6
403 452 5
135 203 6
613 652 9
297 300 7
761 782 3
565 611 8
678 748 1
1261 1344 9
710 720 10
1069 1107 2
667 703 5
463 529 4
1005 1026 10
711 778 4
1074 1117 7
1235 1279 8
383 390 4
810 831 10
404 422 6
370 392 5
1104 1181 4
1112 1169 2
869 890 4
352 401 4
96 137 2
830 928 5
166 230 10
225 294 8
461 474 1
1189 1251 4
46 86 4
1082 1102 9
210 219 6
547 590 10
1056 1095 5
446 544 10
149 196 3
970 998 9
562 625 8
480 501 1
568 622 9
27 124 5
851 893 4
1013 1042 8
687 747 4
1259 1343 3
788 839 9
993 1077 3
989 1083 7
821 863 3
1263 1340 9
172 195 5
688 728 3
608 619 5
74 82 9
1220 1266 5
1184 1237 2
110 185 1
131 198 8
837 921 1
850 945 6
586 612 3
275 285 1
398 409 3
1362 1377 7
362 437 7
58 146 2
298 391 4
1004 1086 5
833 878 5
26 100 8
1305 1324 8
1293 1298 1
1160 1238 2
953 1017 4
82 126 1
630 725 7
1248 1332 3
1075 1086 4
543 571 3
402 412 3
183 231 9
1227 1246 9
1073 1101 7
1264 1327 1
797 831 5
644 706 3
1182 1225 5
650 658 10
797 799 4
520 601 5
46 96 8
260 278 10
1019 1020 5
1375 1380 6
643 720 1
704 754 9
428 434 3
301 321 3
864 943 3
366 390 2
848 859 8
1321 1411 5
1290 1367 4
257 335 4
414 490 10
195 221 3
776 817 3
30 116 3
1097 1168 8
1115 1150 3
284 338 3
300 361 5
24 116 4
909 998 5
1212 1309 1
1187 1209 10
1170 1234 2
648 674 9
925 966 5
946 957 4
437 520 5
218 317 3
941 977 8
1245 1291 4
99 152 10
939 960 5
1051 1057 9
568 592 10
990 1008 7
1338 1402 6
199 231 5
10 110 4
365 439 9
1044 1117 10
1188 1276 7
18 80 8
154 169 8
911 1003 7
243 282 7
55 122 5
502 522 10
826 895 7
583 602 2
1186 1221 7
668 732 10
809 878 8
18 101 3
242 287 9
1173 1261 1
629 664 4
807 810 5
1388 1430 5
1327 1338 8
1342 1404 9
860 941 4
768 814 6
317 414 6
1003 1057 8
1201 1262 2
209 223 9
1047 1084 6
438 538 2
1098 1142 8
637 642 1
875 903 6
313 366 4
382 479 3
695 794 5
956 959 3
1087 1104 7
552 582 10
1197 1285 3
54 140 6
766 837 6
709 793 8
981 1062 2
85 130 4
1029 1080 6
1294 1366 6
1277 1300 8
1289 1380 9
580 602 9
692 714 5
933 968 4
1218 1284 1
16 62 1
436 474 2
824 826 4
808 811 2
1395 1415 10
1075 1139 5
1242 1244 4
988 1016 7
84 95 4
445 454 8
1104 1140 1
583 667 8
244 256 3
251 331 3
938 958 3
1076 1170 3
1322 1332 8
71 82 7
705 706 9
1203 1228 5
244 303 5
438 443 7
1014 1022 1
1037 1133 9
578 677 3
112 139 10
1173 1182 4
423 426 4
592 678 6
327 348 2
1054 1141 9
759 850 8
811 861 1
46 110 9
1307 1405 6
225 275 3
937 1037 3
204 293 2
1394 1424 7
919 1009 6
1036 1087 10
619 698 5
724 784 1
14 15 8
370 444 5
886 955 8
916 917 7
357 409 8
1187 1207 3
1232 1305 5
83 85 2
110 145 10
1035 1100 7
79 135 3
326 385 6
307 335 10
937 951 2
1235 1316 8
809 828 3
550 598 9
676 689 2
1171 1193 7
799 868 6
544 622 2
877 958 8
34 99 8
1225 1269 2
128 145 4
1337 1432 4
873 972 5
186 260 2
399 492 3
333 335 1
811 877 5
504 538 1
327 379 3
1316 1381 7
580 613 3
728 733 1
994 1033 9
101 150 2
892 961 4
1016 1111 1
952 1041 5
866 902 6
1014 1090 4
536 600 8
1292 1342 3
1352 1423 4
488 512 1
597 693 6
482 531 5
477 510 10
195 282 10
897 919 2
844 885 1
288 364 7
736 757 5
1059 1099 3
1041 1078 6
473 477 1
248 258 7
1025 1075 5
103 173 7
823 887 9
762 802 1
488 493 9
1082 1147 9
916 919 7
818 910 1
220 223 8
186 258 4
1138 1146 8
396 414 3
1375 1439 9
1353 1423 2
685 703 5
723 761 9
1257 1267 5
569 642 1
786 851 7
1176 1200 8
655 720 4
45 75 6
1013 1112 1
494 564 4
962 1025 3
419 479 7
1020 1107 2
904 936 9
494 583 10
348 416 6
34 125 1
466 469 3
1212 1272 2
221 244 9
495 586 8
30 113 4
441 479 10
150 240 1
289 347 1
1099 1153 8
1311 1319 6
1106 1115 4
1154 1181 9
1185 1278 7
135 181 6
783 838 1
328 331 1
1349 1369 2
1400 1437 8
688 717 3
674 690 10
192 232 1
402 491 7
564 663 1
46 98 10
480 563 1
27 77 1
1200 1232 8
982 1034 5
1329 1364 10
1315 1370 3
1244 1277 4
808 866 6
31 111 1
701 721 8
66 135 7
950 988 7
1255 1295 1
1076 1098 7
47 72 4
886 927 3
182 194 5
332 410 3
1057 1099 4
602 661 4
60 138 7
497 536 8
608 681 6
873 961 3
291 382 4
17 36 5
646 734 7
1182 1242 7
328 372 1
1259 1344 4
499 584 5
432 528 9
432 468 4
435 487 4
1226 1286 7
997 1018 9
295 308 10
254 308 2
874 927 9
710 774 8
306 322 2
901 987 1
139 231 4
304 305 5
1229 1255 2
1389 1426 8
673 695 7
1119 1189 7
694 777 9
907 985 8
1317 1362 10
953 1049 2
1300 1361 10
668 684 5
444 544 9
51 129 3
43 131 3
1194 1237 7
722 817 10
1063 1066 10
195 221 4
894 979 3
61 159 1
298 365 1
332 376 4
876 966 2
884 929 1
1006 1018 9
1390 1436 5
171 204 10
286 379 8
663 725 2
863 883 8
301 374 9
410 466 1
547 633 2
1016 1090 7
106 128 6
874 947 6
118 155 3
243 289 9
302 397 4
1066 1158 1
109 130 1
357 453 2
824 915 10
704 768 3
817 858 1
337 381 5
898 961 4
814 902 7
625 684 8
607 677 2
395 490 5
634 636 2
784 802 1
460 496 4
1321 1365 5
1019 1079 4
1035 1037 2
942 968 3
445 532 5
40 83 4
1023 1105 7
934 1005 7
571 642 4
821 835 6
625 683 6
1149 1187 1
628 639 9
280 284 7
1103 1121 1
158 170 6
1153 1215 3
739 786 8
422 515 1
556 601 9
1063 1126 9
251 286 7
359 407 8
944 987 1
1183 1260 6
314 409 7
365 462 8
886 890 10
175 224 10
1121 1178 7
650 682 5
951 1047 4
307 376 8
174 240 1
673 708 10
279 283 2
489 516 10
1273 1306 2
291 301 1
1181 1229 5
122 154 7
994 1007 5
145 160 6
118 120 10
1128 1165 2
1061 1148 6
752 755 7
445 515 8
1158 1210 4
1319 1324 10
1233 1297 8
836 882 3
1352 1396 1
36 113 8
372 429 6
848 859 3
485 555 10
677 686 4
516 546 2
621 672 3
211 293 3
65 135 5
1107 1122 1
1071 1170 1
904 918 2
932 1018 1
1352 1364 4
1155 1237 3
155 194 5
342 407 8
1160 1190 5
1306 1374 9
140 185 4
703 752 8
980 1006 2
1196 1233 7
432 484 3
825 831 2
1068 1142 4
119 171 6
1147 1216 1
1065 1124 10
342 413 8
1108 1119 3
581 644 8
1152 1154 3
1359 1397 4
867 935 4
922 972 5
1309 1334 4
634 713 5
1188 1231 2
483 512 7
1191 1269 2
651 680 7
627 677 6
697 773 5
38 135 7
1072 1088 3
381 471 8
1139 1151 2
425 455 2
1353 1415 2
1286 1307 5
516 539 4
1067 1096 4
1156 1173 2
5 12 6
458 464 2
35 78 8
401 447 10
662 673 8
817 853 2
815 887 6
455 532 2
590 689 8
1350 1423 1
174 206 3
401 427 1
1380 1404 9
199 224 7
60 93 2
539 565 9
704 780 2
913 958 5
877 960 5
460 507 2
690 772 2
1136 1236 3
543 567 8
295 364 1
1288 1329 5
1077 1156 9
357 385 8
850 906 3
1200 1217 10
401 410 3
666 766 10
976 1071 9
936 985 2
1279 1315 8
873 909 3
388 396 1
612 701 5
254 340 9
1131 1153 3
355 414 8
1358 1380 4
373 461 2
1329 1400 4
1121 1186 9
233 288 10
1207 1271 7
1068 1145 1
1065 1108 10
721 815 6
322 399 3
29 87 5
1239 1303 10
1 86 8
587 666 1
12 15 9
103 141 9
1260 1288 9
93 168 9
870 962 8
709 794 8
845 866 10
212 214 10
969 1053 8
425 453 3
269 365 9
208 306 3
229 318 3
106 120 9
236 305 10
1057 1099 9
497 499 5
451 537 8
893 899 2
1150 1223 9
1166 1203 7
875 920 8
134 230 6
703 786 9
955 1018 7
196 279 10
919 936 3
544 558 7
1297 1301 1
954 1050 8
750 796 4
1132 1214 10
995 1071 3
562 630 2
699 777 7
1033 1079 9
258 331 1
603 679 10
251 319 8
921 983 7
136 182 6
1316 1332 9
908 915 3
174 265 7
1384 1435 1
381 423 3
266 325 9
674 728 4
924 938 6
930 979 4
1086 1183 6
307 338 8
674 697 9
1385 1428 9
1193 1268 7
508 524 3
147 220 3
473 518 5
224 310 2
484 539 1
801 853 1
312 399 1
1114 1131 9
144 231 6
407 411 9
770 848 7
186 249 2
267 367 7
1200 1271 7
1262 1348 6
936 1030 5
1043 1119 3
779 822 2
151 234 4
1346 1359 7
648 736 4
1399 1412 7
631 687 6
527 612 9
477 490 6
1319 1330 9
1240 1331 6
1222 1317 8
1328 1399 3
504 571 7
1265 1287 7
207 264 3
680 708 5
174 266 10
424 512 8
1385 1386 8
1047 1090 8
1031 1120 1
553 637 1
372 396 5
515 563 5
734 832 6
1379 1421 9
1129 1217 7
451 529 4
686 696 3
555 592 7
1125 1128 3
699 771 10
1376 1386 9
536 601 1
94 124 7
273 340 9
287 327 3
1219 1293 10
672 713 6
1164 1259 8
1309 1350 6
944 997 8
1246 1260 6
480 570 3
1322 1351 2
1195 1223 3
1044 1053 2
398 436 7
91 151 10
1388 1433 7
308 402 7
465 549 9
492 505 9
1288 1305 6
1109 1149 4
272 312 4
501 538 7
831 907 2
304 344 3
1239 1324 6
728 809 4
845 846 2
827 865 4
458 558 3
568 652 6
1022 1107 2
1152 1189 8
1315 1406 6
1012 1051 4
844 903 2
301 370 4
930 1000 9
91 127 10
109 173 3
1321 1346 5
1164 1249 5
1311 1312 3
915 959 3
777 810 10
410 411 6
541 627 1
1242 1316 4
1218 1258 4
241 282 10
629 704 8
661 718 9
526 598 2
734 740 3
847 857 4
567 569 3
276 279 5
222 277 9
687 763 5
808 855 4
1173 1205 4
1200 1222 9
1225 1280 1
688 773 2
165 189 7
1304 1348 6
169 224 10
366 442 3
834 918 4
172 203 5
178 215 5
1082 1131 3
801 834 2
418 475 3
203 287 7
141 170 1
390 452 8
902 904 10
1125 1185 2
1303 1375 4
602 679 10
1040 1097 9
64 86 4
374 449 3
93 120 7
995 1001 2
854 903 4
882 901 7
751 771 7
421 440 5
709 807 5
1033 1074 8
1389 1432 1
366 385 6
1025 1031 9
887 980 8
204 286 2
1388 1417 9
1075 1077 6
636 648 3
405 492 1
132 147 8
354 432 5
1162 1212 4
427 496 7
973 1043 2
531 608 7
886 983 4
247 326 6
707 738 6
1334 1374 9
521 526 6
1225 1306 7
829 923 2
225 238 6
176 189 9
942 1039 8
1376 1429 10
2 63 4
205 213 5
141 193 10
1377 1437 6
332 338 8
177 213 1
1006 1023 7
316 402 6
75 164 5
659 751 8
1075 1098 9
134 157 10
1312 1382 1
831 874 3
1018 1050 2
559 648 9
26 99 8
1048 1101 10
164 198 2
532 543 6
1059 1149 3
3 60 9
141 192 9
707 739 7
904 934 9
523 562 4
354 404 2
922 963 8
514 563 10
1041 1056 7
780 826 3
1106 1191 5
1298 1346 3
426 500 3
272 351 6
348 377 6
1037 1108 5
1338 1426 4
4 100 5
387 459 6
1235 1317 7
341 422 6
1333 1335 4
1321 1327 9
808 827 9
933 985 10
403 448 5
180 182 9
509 561 5
1002 1014 3
6 12 8
599 624 3
87 151 2
1157 1217 3
59 86 6
130 222 9
222 228 10
1162 1238 3
123 184 10
1331 1332 4
216 259 6
916 1005 5
926 1004 7
127 168 8
848 857 6
359 412 1
853 858 7
1272 1278 2
722 762 3
386 471 7
1029 1092 1
1231 1320 2
640 711 1
137 183 6
1083 1144 9
806 874 8
55 66 8
119 129 7
1377 1423 5
1063 1100 3
1150 1237 1
385 403 8
274 339 10
170 261 8
87 105 4
971 979 5
149 209 7
21 121 4
584 674 3
448 507 4
444 453 6
809 855 9
829 833 6
1333 1355 7
1127 1128 7
484 512 3
453 462 5
842 925 1
313 365 3
324 367 1
885 907 6
791 803 1
988 1084 4
732 803 10
897 932 1
779 799 5
223 317 10
20 101 1
444 446 8
400 459 5
61 161 2
266 321 1
1308 1335 8
846 915 1
901 934 2
276 313 8
1321 1402 8
128 216 8
586 639 10
24 57 9
308 372 6
414 497 2
332 385 10
798 855 8
64 104 5
859 898 5
593 611 4
479 485 10
299 331 4
1054 1147 7
759 845 10
979 1024 8
817 826 3
1083 1176 3