10000
974 1047
1105 1190
1379 1401
727 1393
557 1007
1093 1172
1149 1415
1169 1352
971 1325
967 1034
1294 1436
809 1227
1025 1212
970 1291
740 977
467 736
1058 1430
747 1189
472 1172
754 1238
204 269
885 1324
1039 1429
78 1075
1001 1365
455 796
774 880
931 1109
82 1096
462 572
215 382
728 1071
860 1439
1057 1155
1143 1159
1054 1252
90 631
915 1220
537 700
186 1004
179 1080
21 536
224 572
1268 1394
1311 1438
638 689
403 1365
231 270
868 934
1363 1408
319 1316
827 1305
576 1223
1391 1409
435 1039
1233 1375
401 648
1332 1396
649 847
931 1324
229 1067
927 1175
836 1403
1050 1241
1114 1432
1055 1078
1201 1259
1222 1343
891 1196
823 1054
594 1178
1283 1369
181 330
219 1422
1290 1381
1069 1117
920 1354
913 1288
783 1402
399 1027
173 1167
914 1246
848 1030
757 941
198 902
316 537
780 1379
1255 1372
574 1308
280 580
1211 1265
89 618
1132 1256
1136 1302
1351 1392
126 296
616 1358
1279 1418
712 751
948 955
650 664
1329 1397
946 1240
679 1328
83 520
1373 1387
829 1019
1064 1341
611 1145
1124 1247
1069 1259
41 227
916 1407
901 1213
163 602
392 684
845 1312
1390 1394
650 1364
65 246
175 474
796 1373
607 1343
61 680
80 1038
1332 1351
9 966
116 646
431 878
1375 1415
1026 1206
38 1438
621 1321
50 87
596 866
737 1357
572 583
373 1093
238 759
1065 1241
1103 1313
1322 1352
1362 1393
1370 1427
1301 1345
29 105
577 884
499 1359
549 1301
136 532
123 1118
573 670
1188 1349
238 398
123 610
969 1213
457 1425
1355 1428
866 1103
1427 1433
279 710
805 821
585 691
218 1342
824 1337
310 392
98 1317
582 823
9 614
839 1328
862 897
1098 1216
8 310
653 1031
254 342
1183 1276
952 1167
727 758
266 412
870 1095
1270 1339
1035 1371
553 1027
1263 1325
691 1324
284 1015
1403 1436
841 844
398 701
502 769
942 1422
48 724
12 408
370 1281
160 229
1403 1426
1084 1089
135 313
494 505
531 579
855 885
1391 1397
1214 1423
283 1376
950 1348
249 324
783 1360
111 625
1193 1265
857 1188
1206 1353
1021 1044
1020 1046
914 1332
178 1121
487 1413
1315 1354
1304 1376
663 1326
1396 1424
1148 1186
639 1017
1405 1439
1119 1397
442 722
379 497
1043 1166
779 1196
1069 1319
16 730
1054 1056
1162 1177
714 1395
604 867
1398 1409
1424 1429
1068 1336
1163 1300
979 1026
910 1133
735 1121
733 1104
717 1175
1129 1147
1283 1284
627 1143
101 179
568 915
468 1406
412 427
942 1359
1009 1410
1248 1285
605 1127
268 960
925 1381
587 742
88 1111
1006 1026
222 402
934 1391
342 724
290 913
234 924
288 1118
924 957
1133 1427
742 1037
696 1233
389 434
369 1215
1198 1312
455 1006
851 1040
779 801
861 902
13 1293
812 948
273 472
569 1272
908 1022
306 623
39 107
365 392
1194 1307
443 630
95 1184
1090 1096
1081 1306
193 494
1055 1191
1405 1407
391 789
1174 1217
1316 1324
604 836
1420 1432
602 978
1215 1293
511 1057
50 198
964 1175
360 1241
72 529
369 1419
1115 1251
913 1286
1092 1173
650 1377
343 636
866 1269
867 966
1342 1373
1346 1428
772 1028
415 1389
393 747
1327 1362
884 913
314 1046
675 1296
1288 1411
624 1089
114 540
774 1202
436 567
734 804
302 1406
457 714
137 445
365 1317
352 773
1348 1416
520 1240
796 1060
932 1133
1017 1076
280 370
1124 1316
51 329
935 1026
880 1192
433 1290
244 1352
372 1342
876 1438
740 881
1420 1436
274 912
547 627
1084 1367
1275 1346
595 1107
8 143
544 1296
1168 1421
236 933
1330 1429
1224 1423
1032 1360
540 662
949 1304
615 1221
102 295
622 1278
786 1030
187 300
1118 1403
228 416
855 1411
922 1331
685 1201
51 453
885 927
1346 1377
1393 1398
1343 1393
1339 1388
716 945
1322 1409
924 1147
1431 1436
884 947
146 1313
882 1339
196 283
992 1216
211 427
851 902
288 1150
736 1135
481 1261
26 411
163 885
708 1034
828 1175
474 920
849 1026
293 529
158 1428
1434 1436
392 703
944 963
647 825
711 1251
365 511
699 901
764 765
635 692
572 822
109 1173
1284 1398
721 997
1289 1352
710 1293
237 483
1055 1414
242 554
1088 1281
548 650
611 677
1061 1355
619 677
976 1125
262 972
938 1323
563 1241
1054 1060
819 1246
328 1313
842 1009
1187 1378
283 382
1251 1299
891 1325
733 1347
685 698
1075 1349
1031 1361
1183 1193
198 477
379 453
123 601
769 1021
626 1070
287 1242
485 1339
906 962
714 886
562 583
1048 1374
392 1150
1128 1393
272 1225
1262 1322
1412 1420
928 1196
458 517
1216 1318
189 349
451 519
1332 1421
524 913
294 1371
856 981
759 1328
1256 1378
566 1190
164 1195
6 1328
655 1411
1120 1215
308 689
722 987
721 785
1436 1438
936 1018
1180 1434
1237 1282
1354 1388
1306 1371
676 816
460 960
708 841
1123 1438
160 562
762 1167
371 1075
1288 1385
789 1306
593 697
266 950
1110 1397
512 1334
1225 1405
23 148
1410 1414
80 1149
1063 1096
855 1308
327 1016
461 1121
775 931
817 1387
1126 1320
69 1381
268 1162
482 656
1024 1075
384 758
1330 1417
1350 1407
749 1085
225 1233
235 908
398 473
1190 1231
273 340
150 468
892 910
173 796
650 736
882 1170
984 1055
243 1070
1262 1389
547 946
30 553
219 1068
52 906
1282 1431
338 549
638 702
1366 1420
1044 1163
971 1045
462 499
1210 1321
201 1331
32 65
751 875
329 377
480 990
104 123
514 1145
1253 1339
1088 1104
165 652
166 1366
955 1381
1343 1348
1284 1409
763 1043
661 1424
1181 1240
996 1049
289 1394
608 1267
583 786
565 579
640 1099
959 1079
859 1001
940 1193
852 1438
1115 1249
1024 1337
160 378
569 1287
440 1198
298 931
334 1310
97 226
869 1197
1341 1394
1114 1185
11 362
1359 1400
218 604
616 1280
17 1275
1394 1427
1370 1439
1239 1401
157 922
452 569
422 1372
1214 1405
925 986
489 1169
740 926
121 833
1364 1373
1341 1420
775 1257
907 1304
1160 1243
654 845
592 1246
864 1359
698 847
1136 1231
1249 1327
114 447
180 861
417 734
740 1263
1064 1340
922 1301
991 1392
260 465
76 416
1430 1434
1032 1394
1360 1437
268 1007
153 1352
1320 1419
1093 1265
47 1128
1213 1427
319 979
14 353
854 910
369 443
442 1370
448 849
1239 1268
505 1215
1072 1385
1377 1414
879 1214
169 1406
1124 1259
566 585
830 858
678 1050
1223 1334
544 740
347 1201
1193 1319
493 1424
129 262
303 1438
274 553
652 796
907 1001
1205 1359
20 44
33 374
1012 1188
281 1326
795 1002
318 1160
891 1247
6 1334
798 986
622 789
391 1100
466 940
1217 1305
445 1110
1365 1415
1281 1396
1168 1281
1433 1434
566 1016
1022 1312
1022 1232
335 953
1344 1401
110 423
1310 1399
633 733
364 712
1165 1242
474 1276
177 433
155 801
1262 1273
526 679
1079 1418
1436 1439
1016 1216
1271 1352
11 837
723 931
1270 1295
309 1420
280 916
514 1195
447 745
609 806
96 1120
773 1387
798 898
135 451
601 633
1077 1240
613 1391
1265 1401
737 750
231 235
608 786
1264 1280
528 1150
1184 1217
1238 1330
98 767
1163 1256
446 1271
31 1025
131 531
884 1219
962 1119
1201 1343
436 886
829 944
708 998
231 459
461 1337
718 924
1272 1363
1099 1339
56 134
1235 1263
888 1401
1196 1216
967 1112
1048 1109
335 665
1344 1427
216 1012
917 1201
262 825
445 486
1131 1313
1257 1313
667 1076
699 1437
1043 1195
366 1275
711 983
897 1363
832 1071
819 1064
944 975
685 1385
986 1043
257 1389
445 522
740 1397
1318 1345
742 1195
1072 1226
348 945
1140 1309
305 1005
752 934
1243 1378
932 1257
52 774
825 883
450 800
436 702
280 438
946 1008
1107 1371
69 863
326 1229
401 826
268 875
49 1325
1272 1343
1248 1277
472 1035
245 964
383 766
445 1335
928 1182
982 1307
1128 1358
1353 1381
516 553
214 339
163 1321
219 1248
1199 1351
117 549
760 806
520 1162
1184 1347
956 1015
581 735
82 271
955 1041
1138 1139
562 569
1094 1238
647 1158
1118 1225
1324 1388
90 1383
473 1074
92 452
1227 1309
288 1048
174 728
1218 1319
988 1129
279 988
663 1080
802 1305
1358 1390
549 1224
1167 1357
1137 1374
231 1414
374 1379
768 1134
1217 1412
1074 1249
860 944
432 504
849 1435
606 1090
388 1338
121 237
929 1395
1179 1311
32 382
1161 1194
492 1228
672 1215
502 1415
1154 1196
648 1139
1435 1436
1135 1199
1415 1432
765 1282
1397 1414
1260 1287
73 441
11 65
1418 1435
981 1194
393 1262
479 816
612 1096
37 1385
954 1032
312 572
756 1112
365 707
1064 1347
1242 1349
1029 1149
787 1120
395 516
457 520
1238 1245
139 404
1330 1413
120 683
49 1272
740 848
962 1070
327 1243
945 1165
517 1008
391 1173
994 1144
1148 1355
1189 1227
150 688
881 1223
1338 1392
1217 1398
158 894
715 819
119 611
497 517
938 1355
1245 1421
125 331
705 1064
701 749
1393 1421
811 1384
630 891
168 188
403 1151
533 1272
1231 1296
36 414
182 1317
271 391
766 1076
305 852
1240 1407
1271 1435
61 1313
707 1316
174 511
786 1189
567 1006
905 1022
1401 1415
419 590
928 1092
877 1410
431 1080
473 1267
766 1382
1119 1170
777 1215
1181 1238
49 1033
314 1220
768 1145
1209 1295
699 986
450 1041
1044 1174
1161 1191
162 1328
285 629
137 995
895 907
1030 1192
833 982
1212 1353
1118 1174
561 1272
1275 1423
1318 1436
35 1218
429 1074
1087 1174
270 1412
311 778
269 1405
868 1345
516 594
1114 1281
298 919
1248 1376
581 1083
1398 1407
98 1268
119 804
719 1433
1402 1432
1393 1420
713 1191
1327 1416
1029 1239
87 1229
256 686
611 1262
794 1099
144 445
123 318
593 1380
964 1134
112 1302
318 548
589 1399
131 1087
226 479
340 792
718 1351
1319 1344
294 838
446 1284
154 244
953 1260
1422 1431
1226 1348
41 878
704 1270
1046 1319
419 833
634 1167
293 1401
198 860
1032 1069
692 837
1392 1417
865 1141
901 959
168 369
897 1249
776 1366
389 758
868 1193
100 358
782 923
1020 1306
1316 1331
171 1307
553 645
467 1048
1347 1412
608 971
1387 1428
242 345
386 456
576 648
518 1327
1355 1400
738 1325
288 863
397 831
1042 1073
575 1376
34 94
1164 1418
837 1327
373 1327
834 1052
1220 1421
1203 1208
23 241
221 326
998 1235
469 1116
384 1008
1339 1343
785 1262
342 906
212 1055
251 997
673 923
825 1235
363 1260
528 716
1340 1429
880 1194
594 1388
1243 1309
1162 1320
798 1205
611 970
34 1282
209 1429
651 1298
994 1237
358 1229
577 943
1039 1080
269 782
17 1396
25 949
552 1023
674 1370
1210 1225
1122 1295
17 1034
741 766
523 991
1020 1132
1389 1397
1152 1385
1269 1284
637 1308
237 427
709 1431
1375 1413
98 1374
1224 1235
572 1106
845 858
270 414
795 850
11 1241
683 1088
1320 1385
773 813
429 1253
808 1423
1146 1359
708 974
1273 1331
1366 1394
22 626
696 957
946 1100
688 841
346 541
899 902
277 663
1377 1427
950 1060
1319 1350
38 888
377 1274
461 639
283 441
104 439
563 729
1205 1347
421 1437
924 1013
1375 1427
261 1002
944 1240
184 1328
311 639
806 1035
627 950
665 909
893 1057
350 1112
241 929
541 1122
367 658
1368 1421
1199 1350
163 1036
1382 1437
1281 1319
982 1258
798 906
845 1415
1265 1431
348 940
830 1374
190 947
831 988
1352 1356
308 982
421 1362
29 924
532 1416
594 819
893 1349
859 929
631 661
570 1127
786 1322
614 1074
368 949
439 633
1195 1309
655 1074
1217 1422
551 820
775 1236
1399 1433
1051 1283
477 495
781 1007
381 807
117 344
933 1060
1148 1231
237 1196
427 1151
124 648
479 1180
639 1224
1201 1275
414 1304
70 1248
95 228
18 527
715 1356
646 1303
1049 1313
511 1079
533 1157
998 1395
1345 1364
102 1434
770 1205
1303 1332
35 397
839 990
389 553
295 1307
49 87
310 1085
459 509
1033 1354
121 1421
948 1213
376 1293
197 488
812 919
1078 1184
111 1196
523 863
781 1180
210 1211
811 1302
65 1435
568 587
1297 1426
956 1340
317 1364
1118 1215
950 1286
883 1244
1200 1392
728 1180
1217 1301
1373 1386
82 1301
1334 1359
779 1338
107 1159
622 1172
1387 1426
4 91
955 1038
1336 1365
1031 1258
1400 1429
320 704
190 860
616 1137
215 240
778 1032
5 889
123 777
1151 1394
299 781
1284 1423
267 850
1143 1368
88 361
734 806
428 793
783 1127
964 1215
1260 1424
428 941
754 833
945 1387
747 1271
980 1126
929 939
877 886
503 965
849 973
1228 1263
960 1424
62 646
585 1287
132 166
1414 1421
158 253
152 372
407 648
260 883
769 1362
695 1278
715 819
638 846
264 1275
545 863
1029 1248
881 1307
1299 1371
309 1394
753 816
1106 1415
98 522
827 934
682 1383
831 960
358 948
1019 1036
603 766
359 552
763 904
1186 1316
506 1428
1416 1432
1121 1420
543 990
1175 1248
733 766
1132 1303
1376 1381
1091 1277
1064 1189
381 431
1267 1347
524 1120
1153 1230
948 1109
186 1147
105 231
728 1356
1135 1178
368 824
585 925
873 1306
870 882
1220 1243
1133 1355
697 1119
114 753
253 1286
1411 1416
1050 1090
1010 1177
220 1211
467 1438
1114 1151
454 853
1351 1435
748 1225
915 1209
809 838
133 560
794 1177
1260 1383
1301 1404
322 677
54 1391
1311 1340
639 1202
1361 1364
1389 1398
1410 1417
1293 1422
479 848
1315 1436
1324 1334
1254 1397
918 1389
167 588
1071 1220
956 1166
48 1404
289 813
94 1411
135 884
1125 1163
427 704
178 1309
823 1167
960 1277
609 1144
119 448
1116 1232
347 470
1211 1282
1111 1301
1333 1420
1243 1311
664 876
273 1325
432 536
176 883
464 519
1072 1439
116 1065
48 1272
318 711
436 1240
23 869
145 576
113 317
613 1354
172 381
432 606
1147 1166
1214 1363
600 703
1196 1217
1271 1318
1169 1239
524 564
1148 1187
214 727
1365 1408
595 1282
717 1022
1118 1258
498 677
1201 1262
429 702
559 874
159 972
1259 1290
1215 1371
327 1335
1416 1432
789 937
1042 1391
1277 1322
178 852
346 969
472 1360
54 514
564 1220
568 1200
1327 1433
1303 1371
335 1181
776 794
147 687
1274 1395
957 1307
1016 1207
69 699
1036 1221
743 744
81 428
251 1416
69 190
1092 1431
17 1262
252 304
282 1048
701 1310
213 242
429 1279
1412 1427
1273 1320
1417 1436
282 1316
1283 1396
1401 1404
1099 1225
488 661
231 1227
1293 1389
203 278
570 747
1402 1411
165 283
996 1155
1310 1399
7 1166
1026 1083
1280 1419
486 686
1126 1437
63 360
1046 1084
1157 1282
988 1302
226 1383
69 274
829 1376
352 1221
370 509
1328 1402
1225 1270
219 790
994 1203
327 640
1059 1295
692 997
860 864
1080 1096
17 215
424 701
1320 1343
1336 1337
1060 1205
846 1113
27 1212
718 1305
701 1108
436 679
1163 1437
481 749
1015 1094
263 1117
1342 1396
762 1006
1013 1268
361 565
1043 1315
904 1218
610 1352
144 1041
1007 1369
1140 1336
1301 1310
988 1272
558 1285
735 1388
769 882
818 1337
701 898
632 1279
32 1198
39 206
850 1272
1054 1342
623 1264
656 1246
832 880
360 1174
1139 1426
737 893
323 1339
263 1312
146 421
633 1219
232 945
740 889
202 496
636 668
331 802
167 420
65 435
774 909
116 176
797 1033
63 1353
1103 1370
646 1396
369 991
791 926
140 375
370 836
79 1370
2 179
1317 1369
1254 1399
134 1016
1226 1330
62 457
797 983
127 1041
1160 1265
188 566
923 940
48 639
1409 1430
631 1145
725 1338
558 1185
885 908
1179 1401
1387 1390
1206 1299
199 803
98 1107
1415 1424
218 230
489 573
146 857
1028 1110
1085 1400
504 718
155 378
734 1253
412 618
1360 1367
1303 1381
1376 1420
256 1188
1356 1415
892 1360
1105 1239
229 328
984 1267
134 245
1333 1371
1198 1279
60 697
109 326
345 1270
744 847
1213 1343
1259 1430
1363 1423
966 1411
655 1201
1085 1133
9 583
643 821
1391 1414
1049 1351
1220 1285
1327 1409
1137 1144
126 1035
374 765
91 1098
816 888
1244 1323
378 856
662 1416
926 1381
1024 1171
1382 1423
72 85
122 1343
922 1186
505 726
33 1260
914 1040
1176 1407
1404 1425
665 867
578 1402
898 1156
722 993
189 1430
489 1205
618 763
1374 1438
1197 1250
79 226
826 1392
883 1409
80 326
1111 1198
388 510
686 844
248 816
1295 1305
641 863
533 1344
38 471
1254 1408
226 1169
958 1298
238 1380
73 1393
554 874
1385 1428
1370 1405
615 1025
157 1263
802 850
617 972
1223 1406
1249 1433
187 742
1212 1356
75 337
1158 1305
899 1302
380 471
427 718
1083 1230
916 1397
43 271
589 1235
1152 1402
817 851
1012 1411
915 1273
988 1368
140 1212
514 886
675 1434
411 766
453 999
747 1233
1156 1438
102 1250
445 782
11 1244
766 1340
201 1363
90 1211
590 1005
560 982
1385 1435
810 1251
252 392
1383 1397
767 1228
1305 1392
476 1343
914 1293
1170 1270
1390 1413
694 1427
1137 1243
223 930
884 1245
597 1419
1246 1263
1421 1427
1130 1184
361 1373
539 1231
393 1343
1244 1438
406 642
984 1243
882 1310
1020 1073
1075 1129
641 943
519 1159
342 400
191 703
325 681
1282 1369
574 739
192 568
407 1336
1368 1437
290 1358
621 818
702 797
872 1042
34 335
17 640
447 1050
780 1368
533 1386
1171 1340
950 1342
1192 1380
1167 1368
146 664
1142 1165
102 430
1428 1439
543 1439
590 708
669 691
275 301
1155 1364
16 68
93 552
126 1137
470 538
406 1110
824 1091
162 483
1267 1292
201 631
119 342
1329 1361
70 1245
881 968
14 1257
28 592
121 980
539 866
55 761
299 1381
546 781
561 1332
664 1115
183 419
781 1041
854 1366
1411 1437
213 1365
600 848
399 1187
803 948
544 1309
1200 1293
108 1133
1377 1391
776 1342
1263 1366
94 223
114 1404
1255 1324
701 1241
733 1090
460 1113
1155 1320
764 1084
662 1247
421 1212
397 1219
105 1037
9 1395
1316 1321
409 591
1020 1238
142 1003
547 1397
933 1146
349 1429
517 1425
683 1201
813 1368
25 1172
221 652
976 1100
1165 1250
17 258
16 1217
1263 1292
237 478
789 822
32 1053
458 1037
287 623
924 939
1095 1167
1293 1344
442 1406
409 655
934 967
1106 1224
395 690
785 1318
478 1133
223 1386
1051 1394
1265 1349
721 975
585 862
282 1050
1173 1256
572 849
482 1063
574 771
624 1060
1160 1423
1301 1372
871 1193
465 596
434 791
127 846
1076 1096
4 763
1204 1208
459 948
960 1346
1182 1347
1365 1430
1183 1364
1380 1385
387 1154
743 964
1208 1435
291 1281
489 1313
588 1093
380 704
689 1062
527 1149
816 1393
643 855
349 1245
97 1254
168 1196
868 1416
983 1064
234 378
1136 1438
1300 1368
146 187
453 1152
1019 1315
247 1319
142 724
50 606
740 1040
105 1354
844 1406
972 1179
527 570
1204 1238
185 1365
832 1149
420 1143
53 1088
411 863
254 512
449 988
826 1330
828 1121
572 1431
822 1360
279 940
1150 1256
96 324
745 1008
777 783
1254 1317
69 665
707 816
1242 1268
1087 1384
108 950
1125 1425
523 1236
1330 1413
996 1079
1283 1428
165 257
611 1114
556 796
464 847
1005 1024
544 670
969 1302
1203 1337
1175 1360
695 994
1384 1431
886 1217
1247 1400
51 806
834 1346
684 1215
1091 1216
11 828
1102 1145
743 1099
935 1276
1315 1330
1101 1238
1088 1354
578 1033
653 1062
799 1301
735 1181
1089 1379
295 506
569 865
770 817
778 1180
1037 1105
510 684
509 1162
588 1274
1076 1158
758 1065
956 1148
1282 1392
169 1061
221 1104
664 1364
112 1201
721 1329
296 348
346 1431
1177 1434
1413 1439
231 1063
836 1360
620 999
15 354
128 1069
1003 1013
1436 1439
410 1176
287 625
501 1195
1208 1237
898 1100
1257 1279
515 981
479 1016
366 667
1345 1388
1340 1407
1385 1422
225 639
1394 1418
895 900
1060 1174
715 1316
1089 1385
615 681
91 911
1240 1339
1174 1255
57 707
77 571
1144 1413
1183 1217
1006 1265
517 973
1072 1290
1133 1253
195 827
243 1190
1348 1378
725 1223
222 1314
1185 1396
873 1024
601 1212
778 1074
249 1140
706 1213
917 1169
1395 1397
1119 1141
119 418
545 1273
586 1399
514 737
215 1388
115 866
774 1362
96 842
1180 1310
854 1056
1294 1360
147 227
1403 1420
590 973
73 666
1407 1431
1196 1388
32 935
1206 1349
315 1142
621 1152
1434 1439
1278 1347
695 718
441 1359
891 919
454 1362
322 910
123 363
1291 1345
1058 1347
314 417
1416 1432
72 586
1352 1389
1234 1357
660 1023
352 1209
935 960
113 1162
232 971
1219 1354
42 306
161 792
1086 1130
21 310
448 971
1218 1418
1003 1022
941 1339
893 1245
842 1313
458 1137
617 1304
401 1110
705 1353
400 830
392 416
1298 1393
662 666
731 876
1280 1298
854 1068
1047 1381
1096 1141
966 1294
557 603
286 1341
1330 1422
185 1303
1291 1438
364 433
47 1375
1411 1439
301 461
952 1230
879 1098
338 548
1146 1406
437 782
562 1377
271 1307
760 832
683 1189
492 944
1424 1425
168 1255
1186 1322
756 869
1426 1435
122 1185
223 1352
648 1340
716 1125
475 1219
195 430
268 494
351 1148
31 122
1239 1265
692 1234
1195 1245
393 1053
359 873
1182 1200
47 641
350 1030
351 429
1112 1333
1352 1437
1252 1334
645 751
20 211
537 906
945 1324
95 239
582 931
972 1022
884 1326
75 1219
1082 1165
1127 1290
614 1144
1340 1373
565 872
648 1283
680 1118
1264 1278
887 1253
1215 1260
282 585
619 691
1419 1436
128 166
535 931
462 575
1172 1353
1005 1436
229 650
214 558
1373 1401
131 738
896 1240
716 1345
1215 1263
698 700
461 1271
1223 1310
994 1337
23 1060
754 1106
985 1182
827 876
376 471
608 694
1218 1427
1221 1425
1409 1432
250 468
1273 1358
1365 1403
412 692
829 1272
274 1036
1134 1341
1182 1429
284 631
326 726
759 960
792 1137
256 1001
989 1426
165 1234
717 945
127 912
725 1157
943 1175
933 1132
718 1007
762 983
696 1411
1002 1266
990 1369
1149 1315
1426 1431
557 1065
719 1373
427 710
1344 1354
621 1085
635 1382
497 556
532 1232
343 872
336 552
541 998
175 308
183 854
1211 1317
1056 1328
563 1078
65 1210
1378 1432
1224 1252
1147 1256
164 1174
562 620
1077 1192
217 638
615 663
6 1029
850 955
746 1307
1123 1356
794 1283
325 1370
604 741
1362 1364
1123 1280
112 601
1194 1241
493 1436
1163 1431
1428 1434
481 746
942 1274
624 644
794 1198
986 1002
28 101
1092 1357
359 1423
305 319
186 1357
1206 1299
830 860
1278 1361
517 881
1135 1278
628 1071
435 1405
1194 1411
350 394
878 1124
435 450
471 1165
1322 1380
45 719
45 1100
462 1037
1285 1321
255 350
1012 1309
255 1418
409 786
746 1288
1266 1296
912 1316
1283 1312
735 1159
85 448
669 746
1326 1414
1188 1232
1384 1423
144 233
526 744
1180 1281
143 397
744 807
1235 1418
1021 1437
1421 1430
15 855
1269 1325
1 1267
1223 1439
304 448
883 1018
161 700
867 1205
1408 1420
1024 1045
86 1081
305 511
175 1108
497 1052
485 907
378 1172
867 1170
500 936
560 580
201 1425
799 887
1386 1438
816 1347
27 561
660 912
68 756
245 809
873 1043
7 715
1437 1438
423 1101
523 793
1259 1336
1242 1389
722 1297
1368 1378
557 621
939 1030
1009 1333
924 1329
64 582
692 1006
169 1022
223 828
479 1105
68 1055
869 1255
952 1144
830 879
597 1176
52 626
550 1195
563 1061
155 508
192 208
1174 1222
1283 1410
1121 1164
1174 1196
249 781
130 1050
20 554
673 1339
862 1313
1297 1315
558 637
131 222
627 1374
558 1263
852 1208
976 1189
412 1223
221 1013
227 607
332 591
604 1415
399 907
177 284
1120 1203
886 950
1215 1291
1225 1317
636 1389
658 1129
937 1269
860 868
82 156
957 1058
709 1299
604 888
499 1185
982 1099
514 538
844 924
620 821
126 670
214 1247
630 1253
167 1318
274 1216
1081 1363
27 581
90 1091
358 441
1430 1434
980 1407
790 1420
337 1308
633 1278
716 758
1053 1212
997 1376
8 403
1232 1301
1010 1248
851 989
57 536
512 1008
1153 1230
776 1324
668 1153
677 904
570 1099
901 1273
815 1350
252 810
342 727
288 1047
918 1074
453 1089
1393 1423
1394 1438
324 361
127 1172
445 517
610 902
909 921
172 543
541 693
1385 1393
628 1134
451 738
555 969
604 635
802 848
1144 1193
322 1411
1402 1430
1128 1232
1235 1412
1154 1346
389 1174
682 1146
213 893
596 1284
1311 1373
504 568
407 412
298 1067
574 743
96 731
1146 1415
880 1020
961 1254
889 1253
1015 1117
636 968
903 1027
618 898
1426 1434
465 483
136 751
636 671
556 1157
114 1259
40 687
335 763
1266 1431
137 808
1203 1429
967 976
1049 1358
1261 1295
63 1326
401 510
679 1061
1241 1289
1390 1438
1170 1323
878 1214
615 1350
735 900
1018 1295
932 1002
1158 1331
104 717
492 1104
994 1371
791 1070
1263 1326
342 1222
1255 1288
822 1164
955 1224
690 915
446 707
730 1144
610 974
1178 1429
145 1425
1346 1399
968 1260
832 1439
243 1174
869 1129
359 1324
1255 1300
334 666
387 960
1264 1281
1038 1271
1283 1425
392 1237
347 507
905 1092
1366 1430
1371 1427
1223 1234
1035 1092
889 1032
573 886
354 1121
444 549
17 687
84 1250
642 1226
1008 1140
554 801
469 473
855 951
587 1388
116 1269
458 1119
928 1436
177 611
947 1374
1032 1071
1313 1368
652 885
1289 1405
805 906
341 692
1167 1250
87 401
417 1357
419 426
1292 1434
1249 1256
512 947
621 701
101 1221
148 660
1302 1389
746 1090
477 808
434 656
244 1426
1155 1401
1297 1381
852 1290
658 1428
1150 1214
1238 1409
661 983
1088 1243
248 671
1160 1432
984 1029
689 917
683 835
1084 1397
1266 1345
307 415
92 122
1000 1216
1233 1403
316 1200
1083 1150
867 1165
1089 1309
180 939
236 513
797 1324
948 1279
657 897
295 1109
1422 1432
940 1134
914 1410
1342 1402
32 180
695 943
569 707
883 959
989 1253
1123 1203
842 849
276 1260
1091 1226
799 1282
735 1393
1053 1150
1177 1314
652 692
1024 1234
1344 1385
36 694
1420 1439
717 1120
1005 1317
340 650
1047 1144
486 851
541 1419
752 1071
377 520
899 1238
1285 1367
315 1432
942 1115
860 1123
1232 1380
458 802
93 522
137 1408
45 265
146 1100
923 1363
1271 1373
632 961
1233 1312
1428 1436
261 570
429 587
1255 1353
804 1247
1352 1402
1362 1398
792 852
1127 1203
326 406
1063 1395
284 648
1051 1276
613 905
1302 1351
657 791
806 956
981 1108
1265 1325
524 1231
1225 1321
847 1343
517 524
6 1205
252 1205
659 1222
641 1214
559 951
1016 1274
502 1216
265 410
648 964
438 1335
178 369
1363 1368
417 890
92 310
1386 1433
50 1130
328 1178
107 868
779 905
1037 1074
1366 1370
790 1062
362 918
429 1433
1206 1434
558 1316
899 1040
819 1156
64 556
731 1190
833 1194
240 282
507 942
1426 1429
397 418
846 1120
705 1236
823 921
1284 1302
954 1147
320 328
749 1028
1278 1356
1095 1201
236 777
859 1314
849 965
1107 1391
1111 1270
1054 1423
982 1134
1097 1332
975 1127
756 1164
907 1423
682 1022
1351 1369
920 955
394 1147
446 837
84 530
674 829
555 942
72 1112
592 1328
15 1191
864 1171
676 737
1424 1429
265 1176
1271 1329
384 575
772 907
901 930
889 1357
1260 1416
182 596
885 1416
244 517
959 1356
942 962
1099 1189
29 545
699 1276
649 985
199 1274
1108 1164
270 279
493 1002
46 1406
718 885
885 1205
1264 1300
250 687
391 993
27 340
1194 1213
1425 1435
895 1003
466 988
813 1348
725 1381
221 526
802 1268
1213 1400
1045 1418
943 1199
542 596
123 751
298 383
1392 1430
120 560
1351 1423
546 1285
45 1107
1055 1059
847 1157
715 1421
1223 1254
670 924
992 1100
614 993
595 1264
248 1192
1395 1431
300 1144
1340 1397
901 1213
447 1410
944 954
920 1400
1040 1360
771 908
390 782
583 1196
276 363
1216 1281
755 1426
760 1368
231 1148
1078 1204
101 961
1119 1309
783 1416
229 1325
1207 1285
831 1304
675 1157
1272 1424
1421 1434
1159 1405
1005 1344
549 1070
676 1215
994 1222
1031 1152
593 662
646 1212
40 840
1279 1297
1230 1366
1110 1341
476 576
1347 1363
679 926
454 1209
557 1322
1140 1361
890 1031
1395 1412
624 1186
281 354
832 891
38 1071
184 323
44 532
36 898
925 1351
589 668
89 1054
306 425
691 1046
780 1047
1228 1410
1131 1214
1172 1291
434 1049
682 907
310 393
1118 1419
311 1296
513 830
121 761
1349 1406
385 1321
258 643
1239 1381
732 858
862 896
188 618
957 1346
149 1369
810 960
527 1217
107 1224
1057 1110
611 1419
293 965
871 1381
611 1030
763 1018
759 1415
1059 1183
73 350
1313 1319
652 1060
1206 1380
452 757
165 471
783 1142
1393 1435
693 1102
648 1377
1314 1367
1217 1433
1070 1230
1391 1403
1198 1261
1188 1369
233 1251
1271 1376
226 905
135 155
125 1093
1037 1143
348 403
198 1437
622 1094
1407 1431
520 786
911 1182
242 1075
427 762
388 710
434 699
1225 1231
1142 1305
430 1429
1222 1308
1159 1179
110 269
1391 1397
762 938
720 907
369 1121
555 1290
493 1271
1087 1336
475 992
227 1043
1341 1365
427 485
654 1257
964 1072
322 1037
160 346
539 772
668 1220
836 1273
709 1091
1236 1411
1394 1429
746 1417
1367 1401
864 1115
1290 1434
645 1365
1332 1341
13 1406
132 497
128 978
1088 1147
287 612
127 418
410 417
52 316
115 894
977 1184
171 1072
883 1155
189 623
515 1185
821 1026
398 1236
975 1186
654 1285
519 982
775 1327
851 960
660 1284
663 1295
1130 1156
930 985
254 1389
376 997
1245 1428
1100 1435
1187 1283
1318 1392
485 1085
32 1168
175 294
422 938
380 993
1027 1394
99 1163
460 1103
1354 1437
263 458
555 712
379 1306
746 1127
116 580
648 765
523 753
560 1322
67 1228
147 1392
1399 1421
1223 1288
692 1056
736 1365
966 1276
93 522
431 1169
643 1319
1174 1229
606 1252
1012 1123
1264 1388
935 1252
1406 1431
436 1253
365 892
516 1271
978 1125
745 1429
126 685
24 894
557 1335
1379 1431
592 1046
546 1363
1414 1427
1203 1292
230 737
1246 1325
777 1096
258 584
802 807
62 823
393 543
1084 1162
270 707
555 571
325 721
1320 1363
121 1120
1141 1174
1021 1211
160 1325
620 730
646 1116
936 1006
1319 1353
887 1277
471 1407
1119 1386
1168 1243
409 834
353 1238
114 375
901 1111
1359 1407
1070 1406
1367 1404
143 1169
1039 1434
162 274
147 1372
1099 1347
1350 1395
1433 1434
649 1067
1310 1375
815 960
198 1047
1306 1388
616 929
729 792
204 273
1355 1359
140 236
242 1123
270 854
1233 1278
676 1250
670 961
1136 1164
1202 1335
369 396
175 307
1371 1421
917 1006
104 159
1371 1382
643 1202
205 470
294 932
91 1120
261 1021
1316 1410
781 1039
372 783
320 581
490 905
215 626
999 1315
1351 1437
142 901
1216 1333
319 1101
584 1219
513 865
818 907
622 1416
113 600
477 1291
697 1225
1280 1332
991 1099
1302 1429
1212 1413
1315 1348
539 826
348 912
859 1332
207 1100
1389 1432
875 973
732 870
1395 1409
1307 1399
1050 1283
408 944
623 971
232 618
101 281
1223 1307
338 838
980 1207
392 521
324 465
1095 1237
100 1111
1431 1435
365 456
305 621
515 975
13 1317
388 1428
140 759
627 1028
314 527
226 1229
1060 1264
752 1052
836 1322
307 1024
686 1093
963 1432
987 1350
1433 1436
810 849
1094 1257
710 1436
1190 1281
472 808
1390 1405
1271 1379
736 1125
1149 1428
72 185
272 833
1001 1064
267 513
919 1071
155 323
150 732
419 1309
217 308
1325 1336
1339 1416
116 586
1091 1404
1360 1388
589 1098
341 601
158 608
505 749
1153 1422
807 1304
816 881
594 836
995 1011
357 1000
1206 1407
306 529
1285 1330
902 1354
1301 1394
371 818
1100 1137
36 639
641 1103
1063 1168
166 1037
937 1117
145 509
822 889
351 591
43 277
564 1113
307 415
3 138
140 753
357 564
1277 1376
1091 1324
117 424
254 272
15 497
1040 1289
554 1206
1391 1417
700 746
620 775
215 379
949 1391
1317 1373
174 1130
1097 1102
1138 1348
973 986
316 1311
747 804
619 1233
592 636
333 492
1103 1195
682 1390
1343 1345
1265 1376
584 830
709 1124
214 1134
523 882
470 1305
1328 1428
738 1288
1065 1305
1345 1352
797 1122
243 869
19 1374
908 1338
130 1247
949 1338
1334 1347
589 1310
243 1029
348 1358
435 957
1399 1431
1105 1287
681 746
705 1263
663 797
952 1065
1196 1300
380 808
959 1036
1202 1330
867 1108
327 739
253 414
868 1164
379 956
342 1353
848 1260
425 544
1365 1434
1411 1436
1242 1355
99 191
51 146
865 1017
465 815
625 1412
16 1276
474 1381
1089 1331
480 703
637 1264
126 405
782 1368
27 45
451 1417
1413 1425
1409 1421
682 947
646 1371
900 1193
912 1086
17 1085
1230 1244
299 920
31 175
73 276
551 1132
1112 1116
674 1347
1127 1365
150 987
1103 1172
974 1387
1242 1319
55 794
448 1240
413 1127
1259 1310
6 1386
801 908
860 1016
656 1181
1025 1277
651 1301
1049 1286
850 1121
1088 1357
273 1421
548 1369
1260 1401
1353 1382
500 669
1264 1398
1429 1431
696 1337
898 1250
1203 1416
795 1104
286 1369
725 1203
540 887
316 1058
221 1193
440 958
576 1267
1117 1281
1206 1212
129 568
168 1034
976 1166
860 971
215 1160
1310 1406
520 1300
1335 1389
209 1353
1092 1195
389 1281
1135 1431
212 1241
1290 1377
342 1345
190 486
273 351
149 703
1361 1392
470 963
1395 1432
521 927
1289 1422
255 788
1084 1329
1378 1392
1304 1345
725 1339
45 928
646 1402
128 809
300 1232
52 1005
1141 1247
515 902
1127 1281
1404 1427
458 737
497 669
63 515
945 1323
923 1017
507 957
640 1268
1108 1139
384 874
1218 1231
1080 1397
1221 1261
839 1380
625 637
919 954
490 1246
145 748
1361 1364
1216 1427
534 1365
459 504
961 1216
447 1361
525 642
829 1436
672 1210
1243 1302
1159 1235
1157 1169
508 1278
1245 1399
1403 1405
1419 1434
633 1398
29 1439
979 1045
1041 1361
1335 1407
1279 1437
575 1243
747 1429
750 903
1414 1426
808 1310
566 813
121 600
87 329
510 1072
451 1337
420 1196
889 930
759 1297
689 1215
594 1439
932 1170
1312 1318
64 137
495 1049
118 1120
328 771
586 852
552 1109
17 698
196 511
1286 1408
523 763
49 248
1135 1183
1158 1316
1068 1073
207 1028
833 1436
141 1278
1003 1209
117 367
288 589
816 1305
1250 1411
735 985
1004 1099
621 1253
1206 1330
517 1242
863 1133
1324 1339
1077 1277
1174 1434
868 1189
101 590
747 1348
955 1133
725 1150
60 825
38 677
820 1302
299 870
1072 1263
867 1120
1334 1423
1401 1435
1162 1276
94 176
556 902
331 904
841 1175
604 1427
949 1094
703 835
720 1324
484 1175
921 1399
266 1396
666 1239
193 844
698 973
1310 1397
1313 1393
931 1237
101 905
1378 1390
322 798
88 200
1259 1357
1068 1261
759 1290
210 1143
345 706
303 491
94 1192
1060 1178
1249 1348
1136 1217
583 596
1143 1171
1221 1295
1409 1428
652 977
550 1215
1286 1409
806 1100
1401 1434
515 849
324 675
110 556
981 1133
1407 1419
318 1307
1321 1378
927 1228
543 1390
65 1036
1004 1021
1348 1361
1438 1439
582 1114
647 787
948 998
1358 1399
1366 1394
443 948
179 1294
1154 1375
395 1294
659 1184
1124 1227
472 613
912 1257
1146 1272
392 1237
124 547
283 693
546 1280
263 917
1108 1439
996 1354
554 641
568 723
960 1274
404 487
1389 1410
325 1240
369 930
8 109
1031 1373
475 1386
179 733
722 1181
831 1283
1383 1438
1388 1418
598 1335
20 1222
411 843
675 680
943 1115
187 1061
346 526
774 1408
777 915
807 1126
1333 1345
132 1396
1258 1266
1006 1436
423 754
44 1335
739 842
812 825
1431 1439
862 1383
760 1169
977 1052
1257 1436
671 821
204 249
421 1113
11 809
92 448
323 586
273 1434
1034 1196
8 537
1104 1386
712 1160
125 1045
599 845
453 470
1293 1362
987 1323
689 987
763 1323
851 1314
639 1053
812 1040
32 470
402 1065
3 434
820 1427
817 962
551 557
539 1221
679 1265
1169 1371
540 812
73 1437
130 967
201 618
679 739
1409 1433
385 737
757 1223
370 1274
1051 1331
1434 1439
502 608
1034 1284
474 1414
240 1290
965 988
249 877
330 1223
1232 1431
541 1244
71 172
1032 1305
645 794
1078 1251
598 1249
1128 1367
1438 1439
837 1086
1174 1217
851 1202
499 1121
1388 1419
143 255
777 1248
401 810
1169 1191
877 975
823 1196
113 473
82 600
1054 1104
265 288
161 1373
503 541
609 895
538 768
665 954
373 705
64 921
1305 1362
505 707
300 657
823 997
1026 1241
603 1000
583 1239
647 782
590 898
1005 1261
950 1248
594 889
640 891
1215 1231
806 1173
1022 1125
1369 1413
992 1254
4 266
882 1366
727 958
308 377
940 1408
75 757
1142 1232
672 711
1321 1381
1307 1419
287 1423
530 1372
1415 1424
1066 1222
503 1360
238 392
854 1300
583 1233
1089 1332
21 1180
310 594
403 1055
107 724
1315 1387
565 1434
447 872
420 726
978 992
1093 1255
1295 1382
999 1345
136 274
1433 1436
24 275
288 1337
1189 1368
296 472
1011 1080
1167 1354
706 1367
833 1296
1173 1375
386 1309
663 1426
238 800
941 988
1011 1429
1284 1370
1028 1431
586 1393
883 911
14 1400
211 770
1191 1245
1110 1435
1188 1363
600 902
669 770
759 1182
1035 1367
599 1105
821 1165
1280 1282
1190 1255
1397 1414
1141 1276
821 903
237 1253
157 793
1198 1300
132 731
979 1228
99 1057
898 1372
795 1299
458 1416
78 508
307 499
1312 1323
220 1048
846 1025
800 1310
309 1115
110 456
480 1280
1008 1176
190 842
720 965
879 883
912 1382
1372 1402
411 1295
105 1016
171 1078
173 1026
839 1304
1041 1104
864 1245
865 888
817 1128
682 1109
740 797
1087 1415
963 1336
6 78
1360 1363
386 734
403 1318
328 1350
628 975
727 1023
106 135
683 1140
1065 1360
458 523
1358 1371
145 455
619 1347
662 925
717 1268
107 1280
883 1148
1147 1200
1385 1412
1193 1277
929 1047
279 970
574 1306
1069 1226
1228 1238
870 1293
1276 1425
353 1215
837 1130
1019 1113
736 1413
477 1244
1131 1366
183 339
265 669
932 1153
498 671
1061 1369
36 821
1351 1378
799 945
339 360
1055 1119
1407 1410
1010 1321
1271 1343
1176 1428
96 1361
993 1436
1240 1385
1140 1315
708 1365
1062 1393
1313 1385
1028 1103
924 987
1053 1304
885 921
121 1158
1008 1268
866 1393
815 1223
1382 1390
885 1265
1309 1427
339 629
773 1277
668 733
466 879
629 1328
312 767
398 874
891 944
1429 1434
473 934
1068 1125
683 725
1038 1414
867 1016
1015 1389
391 953
181 548
735 744
289 336
989 1224
1067 1114
329 547
95 468
1357 1405
239 438
171 344
546 804
372 786
117 794
298 648
259 493
1431 1434
920 1123
849 1253
719 958
682 1149
1186 1388
779 1017
305 420
898 1386
225 1220
1301 1347
787 1135
1177 1291
1250 1417
18 850
153 577
944 1094
105 353
506 766
181 187
492 1112
901 1138
182 867
659 684
1235 1377
411 1408
296 784
258 1375
1207 1430
1184 1229
82 496
1048 1355
619 1390
1337 1370
655 841
391 1245
156 1041
581 697
1214 1306
1417 1421
87 1232
1085 1410
1391 1416
372 1385
435 956
746 1436
1307 1383
777 1057
1204 1314
1402 1423
1 1009
493 1138
565 1407
746 832
890 1149
194 884
181 190
868 1298
364 1281
1349 1425
227 408
341 383
1428 1438
1144 1320
1192 1334
724 1266
702 960
847 988
774 1160
1209 1390
65 810
1361 1395
241 1164
912 1392
1275 1349
339 941
223 412
166 440
76 962
417 471
655 1387
408 1290
321 1062
62 531
378 996
1420 1421
1134 1165
220 276
1238 1320
1431 1437
1130 1181
52 235
154 446
278 1017
1398 1435
1071 1109
211 580
322 346
244 534
1071 1376
1383 1406
261 1107
910 964
1109 1270
766 998
1234 1267
1368 1387
1089 1371
865 1188
1033 1257
1316 1433
846 884
66 657
457 1334
38 568
1227 1340
924 1230
265 994
905 1217
36 754
536 586
784 1411
400 1158
742 762
995 1292
348 568
764 1021
305 1337
1270 1324
256 396
250 373
518 598
267 800
593 1154
935 942
787 1135
1155 1326
1399 1412
667 1097
1177 1331
648 792
1374 1398
1428 1437
15 50
521 658
1092 1173
1140 1427
1091 1155
1014 1226
957 1036
1301 1430
828 1184
10 252
554 812
1210 1265
1393 1401
21 525
1215 1329
908 1254
745 1149
742 1248
801 1111
193 441
1015 1369
325 1122
39 726
1361 1434
296 1238
1431 1433
695 922
260 959
106 236
414 1196
313 620
754 1175
1151 1213
49 1186
1273 1416
148 716
331 1276
1427 1433
581 860
1284 1416
1113 1375
78 858
620 1233
329 650
237 1402
578 629
1434 1438
1118 1193
515 827
595 850
1264 1381
999 1179
1339 1382
968 1407
751 1330
940 1181
489 926
111 440
871 1185
322 714
776 1168
851 1290
70 481
774 1236
1173 1326
1353 1400
442 1365
58 942
217 262
61 181
1211 1238
876 1115
458 1220
574 1262
295 967
320 1003
473 528
1242 1439
908 1285
692 1375
858 934
537 1165
419 1202
1238 1364
1098 1185
1117 1232
1224 1259
197 502
929 1182
1309 1400
777 1137
920 1014
1046 1258
226 231
876 969
1316 1337
37 734
78 463
593 1422
902 1284
338 893
1406 1414
1042 1310
1264 1392
1422 1436
912 1178
1285 1292
1223 1288
727 897
143 1227
524 949
1012 1407
945 1413
184 1184
754 1318
1313 1327
1114 1343
6 1426
716 1392
77 1098
1129 1380
1409 1434
1399 1419
346 1355
696 989
46 1077
1250 1359
507 543
642 831
270 478
618 629
788 857
720 998
321 659
1098 1315
950 1193
851 1280
830 860
109 697
758 1212
34 519
893 1007
621 639
808 1117
1107 1169
702 870
739 1150
872 1120
1020 1028
840 1190
265 596
1321 1433
486 861
932 1373
853 1249
1191 1331
722 952
233 384
7 828
1324 1368
117 1009
627 923
438 1077
1058 1270
412 899
147 1053
1239 1296
173 1385
677 826
1195 1312
1198 1314
814 970
469 473
574 1325
332 1151
1322 1395
593 832
943 990
1432 1434
623 1298
60 1437
112 1390
831 1414
96 591
1353 1365
1124 1332
1156 1157
1359 1425
69 286
911 1112
1207 1373
488 883
253 684
542 877
599 821
1035 1379
453 1313
915 1213
1202 1223
408 646
1430 1437
191 330
359 1096
1291 1331
501 1323
265 468
793 1377
658 703
1265 1406
979 987
1306 1404
377 1216
73 1245
1334 1372
750 1218
449 1159
1205 1419
1351 1421
855 1434
181 1350
788 1312
760 1157
192 304
310 447
1146 1306
767 1357
791 1342
816 902
112 230
753 1140
491 1255
557 627
131 359
204 811
25 1098
560 682
483 972
850 1278
311 784
445 913
664 1376
510 1150
1303 1354
258 585
234 615
880 1292
786 797
1389 1422
16 982
152 1319
155 1386
645 1249
939 1384
1433 1438
1393 1414
711 1408
985 1368
1434 1439
618 782
732 1015
471 704
700 894
699 896
674 769
794 1050
1421 1428
1080 1380
467 1102
682 757
300 390
1028 1374
882 1362
706 906
983 1311
1217 1350
1040 1104
1351 1353
493 1008
1199 1232
765 1050
606 949
1209 1273
721 821
747 873
930 1397
848 1186
1090 1227
553 677
555 947
763 1415
203 472
1134 1401
552 603
669 1069
568 1019
604 1191
1317 1396
724 1220
192 849
456 1121
64 1405
1214 1431
1277 1393
1173 1309
1070 1269
1078 1387
955 1231
359 1230
803 865
1056 1302
1411 1423
759 1296
1330 1354
271 276
1214 1396
1295 1368
81 754
813 912
323 760
1141 1416
561 756
1106 1402
1300 1304
1244 1393
151 805
185 1012
1279 1333
550 866
1009 1146
825 842
1148 1415
393 691
28 1201
535 1070
93 373
347 1428
185 610
170 1167
391 1025
223 1214
867 1149
499 1210
304 789
78 277
304 1297
53 517
775 1370
1332 1375
131 707
1305 1417
1305 1427
352 985
453 1297
62 1165
345 845
1266 1369
1120 1191
1355 1436
410 741
415 1252
550 1199
7 1196
905 1281
622 1436
770 954
1091 1115
706 1096
1074 1136
600 1178
356 472
876 1230
1425 1437
319 1050
168 306
161 1203
1263 1321
787 994
512 1187
1000 1145
138 179
287 451
257 1293
1416 1429
997 1328
529 1098
257 1128
917 1335
290 1230
12 734
1234 1303
1093 1287
887 1388
822 1275
1092 1192
839 1293
717 1157
1299 1406
1157 1336
517 1375
161 471
436 510
620 709
856 1434
384 390
1121 1161
244 878
1114 1400
826 827
1126 1191
732 1127
170 1196
444 738
55 121
72 910
185 271
328 905
620 1428
748 1041
41 749
1367 1389
428 454
999 1246
1108 1327
1425 1435
379 900
405 1336
228 605
1226 1319
662 997
336 1010
993 1218
1296 1378
240 916
1141 1244
96 1129
706 1360
393 1383
307 514
1215 1225
545 1134
390 1263
87 125
501 1138
366 567
689 761
1385 1393
524 1261
227 541
1184 1248
708 1013
4 1105
1438 1439
1353 1414
904 1411
831 1418
860 1425
487 1281
1404 1427
241 1231
1271 1370
1276 1347
41 211
637 766
983 1032
643 991
55 832
1223 1299
1070 1306
1185 1257
702 1021
1092 1245
17 213
558 1091
468 1173
55 420
692 1046
735 884
358 1377
1245 1419
264 988
939 950
488 1249
534 1162
1018 1320
1255 1437
1248 1433
931 1254
400 1118
829 890
1119 1210
620 977
560 760
45 873
981 1111
1119 1253
744 858
1311 1427
459 863
111 114
220 274
187 1238
504 624
1197 1266
617 1000
852 1041
442 1188
868 1121
842 1343
947 1421
134 1147
1082 1304
29 425
722 1065
273 644
85 864
493 1340
534 1243
182 209
1024 1119
64 898
461 635
882 1248
218 1306
516 731
103 1188
862 1072
280 1194
467 1316
1109 1121
680 1389
185 648
1419 1438
392 476
1195 1239
1295 1413
1206 1294
386 1336
404 988
788 924
118 1089
913 1128
418 1219
397 1086
393 514
898 980
1233 1384
1134 1342
268 603
1018 1401
665 1223
427 819
442 729
1123 1222
1269 1405
1188 1221
546 1258
734 1005
689 1300
1087 1304
210 548
1200 1287
709 903
1007 1099
784 1022
226 277
1369 1384
151 571
1199 1218
784 983
242 545
550 711
916 1369
1327 1335
345 630
901 1314
1339 1431
1131 1152
655 1127
1263 1317
703 914
1069 1087
1409 1436
1229 1232
391 774
1274 1323
955 1379
1329 1423
1284 1372
226 448
428 1069
1038 1296
649 1055
280 286
1120 1271
785 1274
382 397
1033 1403
390 1298
1436 1439
627 659
394 858
946 1280
964 1355
418 694
39 1265
929 1386
1072 1293
629 709
230 1055
1396 1432
1285 1330
320 1289
1209 1241
1328 1354
836 1357
261 758
1383 1429
245 1278
1130 1250
1121 1263
769 774
1141 1425
426 481
858 920
9 180
114 1194
290 774
1242 1376
259 1211
276 357
1265 1317
1235 1249
413 1418
264 781
1235 1286
1338 1339
1393 1400
835 949
1034 1425
41 1363
409 1069
148 1278
269 1269
527 1362
859 1148
608 618
387 760
909 1135
140 937
1142 1316
198 1194
1034 1090
435 1237
417 596
232 583
1382 1386
1349 1411
1009 1151
1125 1301
1312 1410
447 1110
1229 1376
1129 1328
763 786
626 912
541 1018
391 896
305 421
703 741
1401 1435
584 1282
159 439
350 906
729 779
942 952
1268 1385
376 1179
768 798
1401 1428
663 873
1343 1387
987 1280
1064 1281
870 1184
121 201
1263 1405
255 1397
1378 1404
940 1104
698 880
1143 1206
657 957
1115 1261
1099 1389
648 1004
1281 1356
1006 1047
1263 1336
494 749
616 1379
815 945
73 873
1089 1186
347 1374
504 751
455 1380
547 938
415 980
1304 1376
295 1386
986 995
1029 1296
1237 1294
213 986
395 1074
635 853
173 918
861 1062
813 1338
57 623
1210 1315
955 1360
579 1203
107 450
957 1164
287 798
1367 1392
878 974
1011 1280
1162 1336
91 882
1343 1361
221 357
109 678
809 1007
90 1320
564 888
1122 1233
808 1439
890 1371
1008 1404
1416 1438
1284 1355
1068 1407
183 1354
1207 1286
1117 1350
274 885
908 1406
435 823
877 1045
1426 1434
1036 1134
172 193
675 925
549 954
770 1006
287 920
1179 1312
1313 1352
1336 1359
64 905
201 935
78 282
434 1124
1180 1283
1062 1067
417 575
1363 1368
870 1022
30 1428
770 1405
960 1182
724 1437
466 1183
585 741
1010 1117
1070 1115
1203 1218
5 230
530 1361
166 362
55 1418
1395 1412
728 824
890 1094
579 1283
1281 1349
684 1382
372 1030
639 1247
1425 1432
939 1192
782 1254
1315 1339
1276 1410
981 1084
1426 1433
1251 1354
52 83
495 1266
234 878
255 809
507 1059
637 966
1083 1384
677 735
689 1282
772 1297
834 926
1188 1373
293 1180
505 1395
676 1208
188 331
893 1329
833 1260
296 1033
1077 1245
813 1254
898 1192
187 1237
1019 1215
1277 1294
922 1230
56 1302
597 957
684 826
174 759
81 1003
1114 1343
435 1122
1391 1403
56 582
465 500
34 561
283 884
585 804
373 540
1159 1327
1348 1434
874 906
1227 1412
680 871
1421 1433
982 1215
286 978
1408 1431
255 331
276 492
391 958
192 1400
654 1041
765 1421
1072 1351
1315 1428
509 535
965 1384
255 1225
1059 1244
134 360
737 961
345 408
1098 1309
1380 1437
719 1247
913 972
491 1337
1192 1435
550 1325
1136 1148
412 1142
873 1115
323 756
1025 1067
908 1056
137 1303
1335 1410
89 239
1180 1407
652 895
322 693
436 1340
823 972
216 1180
1194 1404
1367 1426
682 1101
215 942
573 1073
680 1324
852 1164
17 285
489 702
300 1391
1086 1323
86 970
239 565
623 765
148 649
846 1160
495 1124
61 1194
1349 1366
717 728
509 1104
606 764
1000 1235
1287 1315
741 834
1196 1330
1034 1157
1379 1424
1008 1208
1109 1113
369 412
1361 1370
590 624
418 692
533 994
383 806
1161 1375
723 1263
1141 1203
1052 1078
1184 1212
59 1431
1438 1439
262 967
93 933
494 950
663 948
498 1352
1391 1403
1242 1396
1390 1410
1087 1201
1343 1430
868 1060
1213 1416
1238 1438
961 1401
64 226
1077 1304
995 1336
178 924
962 1215
497 795
473 868
742 1141
1266 1342
1351 1406
385 763
1418 1426
37 719
352 907
138 271
912 1036
264 397
1366 1369
306 881
830 1017
784 1359
811 1377
667 981
75 420
299 1368
1246 1424
374 881
597 637
1046 1275
250 1414
647 980
188 469
618 1051
550 906
1136 1349
405 637
1416 1434
1122 1174
1328 1414
863 1264
1023 1237
98 166
296 956
113 256
1049 1359
990 1127
922 980
752 1257
374 1139
722 835
792 1345
906 1421
639 1299
701 785
127 167
353 1191
27 676
535 1074
1168 1330
5 1397
1132 1342
568 724
1245 1339
1387 1403
16 253
806 1361
1165 1172
703 1056
915 927
1269 1438
443 627
427 1263
1256 1361
826 1230
116 1299
1163 1197
407 415
1203 1285
718 1333
576 1207
772 1098
1211 1294
878 1327
1111 1292
173 394
276 1011
264 1211
296 895
648 1296
1022 1054
104 1096
1093 1318
447 856
1049 1211
683 1337
1166 1263
970 1017
1033 1193
6 548
224 926
142 325
741 1090
698 1439
952 1089
1130 1297
43 900
281 1308
45 841
120 1274
71 140
1309 1364
992 1187
73 276
580 618
614 928
1265 1334
1390 1408
1118 1204
918 1105
393 462
699 1144
939 1179
500 1325
1160 1202
444 776
992 1405
1433 1434
424 465
1334 1412
96 752
190 452
766 1213
25 457
1026 1073
988 1303
57 518
561 901
1173 1309
614 627
314 753
333 397
1289 1338
968 1229
647 1259
250 757
201 756
753 1000
767 1268
347 661
18 1110
1069 1179
49 766
565 1368
913 948
717 1361
763 1122
249 419
1130 1342
194 322
497 522
965 1113
908 1299
170 1191
953 1047
413 529
477 672
567 1355
14 1276
534 826
355 790
636 800
961 1238
685 1252
7 1128
859 1057
669 1329
350 1203
1117 1334
587 1148
456 831
419 549
203 852
1343 1386
672 846
1384 1424
736 1062
1275 1406
505 834
430 781
1243 1268
657 1383
795 961
36 1326
731 971
1310 1402
743 786
10 982
433 1409
602 1390
538 1206
41 870
642 971
426 1271
37 1249
1373 1417
7 685
591 895
1317 1384
654 1223
301 809
1256 1291
844 1355
1060 1407
923 1291
360 707
1104 1184
1057 1154
838 883
1283 1427
1177 1258
672 1223
1381 1432
617 1066
269 955
473 1439
1327 1351
1013 1118
1046 1165
188 1384
955 1020
10 65
329 365
329 721
865 892
148 948
1025 1233
370 1184
1373 1390
1118 1361
974 1030
1422 1423
948 1224
853 1156
138 605
299 320
750 822
1190 1375
225 278
207 663
273 873
774 1291
1262 1289
205 916
535 902
197 1108
667 963
318 1270
923 1351
794 1420
240 699
1077 1352
539 1076
1296 1432
227 899
1377 1383
1111 1393
1102 1392
253 1215
1018 1377
1120 1306
114 703
92 199
1394 1436
854 1136
368 403
643 923
812 1016
672 1288
1324 1333
1048 1082
704 1258
270 1300
229 733
789 1097
763 1035
1377 1434
400 1296
752 1033
1363 1388
1425 1434
578 806
320 984
1280 1396
77 171
516 1181
547 589
803 1431
1322 1334
1174 1404
773 1199
618 773
302 727
120 625
631 689
726 1292
838 1220
1399 1437
1254 1421
594 999
1106 1108
259 724
543 895
966 1031
641 1349
1304 1364
902 1209
202 551
12 1375
465 921
653 1430
19 182
1368 1401
685 1250
626 1340
868 1083
1332 1361
209 982
1302 1348
202 1246
1156 1169
1349 1350
951 1173
1264 1367
412 1176
426 667
1048 1359
857 1280
1385 1420
1234 1243
714 752
79 1057
186 964
1267 1318
1363 1364
856 947
511 1132
631 724
1239 1343
1029 1318
957 1323
1130 1164
77 1312
1406 1408
1237 1380
965 1396
5 400
814 1403
124 951
620 996
164 225
62 627
47 418
539 1090
113 1417
380 1318
974 1276
419 601
729 927
103 383
1205 1422
112 180
896 1267
236 743
90 1258
229 1434
861 1359
134 1338
89 175
120 615
448 1060
1162 1389
851 1392
370 925
907 1400
907 925
196 719
875 1117
959 1056
1168 1367
1017 1278
246 525
1399 1421
271 1100
504 917
1161 1430
590 951
948 1412
295 621
1393 1413
1040 1055
1055 1270
1147 1202
624 1241
1274 1426
299 760
876 883
167 1230
924 1431
1158 1410
838 1099
607 845
370 738
380 1112
783 1073
1360 1371
124 345
169 296
381 449
1142 1343
985 1134
711 1144
903 1177
291 1032
1349 1394
1045 1307
206 996
548 560
441 1199
56 857
706 1292
1105 1195
1230 1381
470 1438
1146 1286
455 748
451 477
186 1166
99 403
982 1424
27 1013
1265 1384
706 1312
1428 1434
647 897
658 1223
677 1356
13 379
1378 1400
61 1366
1133 1371
806 952
1135 1392
1110 1369
802 1402
1005 1101
842 1365
972 1048
1406 1416
1009 1322
602 705
460 659
1428 1430
465 1381
182 1416
55 307
939 1042
1250 1301
828 845
1121 1343
614 1138
619 973
1112 1343
143 1281
366 623
572 629
183 972
905 1214
1245 1332
917 982
1344 1348
178 423
104 1362
1340 1391
527 587
1137 1347
964 1283
588 1039
136 877
726 1382
264 946
903 1088
33 1061
1344 1394
578 1209
108 114
442 681
313 460
171 235
97 711
1437 1438
1255 1428
389 602
1308 1344
204 854
419 513
13 577
1403 1414
371 993
759 1004
388 1438
422 470
1410 1427
1049 1309
419 1156
504 534
1106 1236
1402 1405
709 918
57 269
736 1331
192 377
713 971
923 1097
638 1246
191 1192
1361 1380
139 1416
13 709
350 449
505 1174
525 712
958 1065
186 262
745 814
887 933
370 534
251 856
819 844
341 649
201 356
956 1387
1212 1378
1345 1402
1232 1435
100 810
992 1065
739 964
1031 1277
968 1211
101 437
552 695
163 1265
222 522
1408 1433
369 588
1103 1251
1404 1411
1296 1437
622 675
970 1017
532 1184
371 1375
527 1149
312 588
891 1333
466 972
1282 1413
1219 1407
284 1004
633 702
549 585
1407 1424
901 943
266 377
303 658
847 1043
202 808
1355 1409
607 977
71 944
200 328
1433 1439
164 1335
590 1031
579 713
32 216
1296 1300
900 958
437 644
349 958
1282 1397
529 533
1392 1425
121 1321
698 1065
110 1226
149 596
462 1359
670 1433
16 480
950 1257
103 861
37 993
770 1251
848 1247
365 497
1023 1162
430 858
199 373
1166 1425
981 1124
152 1376
1155 1401
1027 1085
491 504
1024 1432
76 872
984 998
100 319
443 1227
942 1133
1330 1339
78 696
1311 1381
1016 1311
1184 1226
296 339
1085 1156
1420 1425
68 619
1130 1276
829 934
367 1156
623 627
1189 1257
325 1048
457 716
475 1204
1284 1325
53 1232
194 1036
1271 1416
1261 1320
1433 1436
391 1154
506 731
506 1302
1188 1258
1129 1396
495 946
1093 1309
711 1028
246 624
387 805
632 974
1112 1373
636 1185
1052 1416
1010 1113
711 1282
132 721
1318 1417
861 1208
1152 1419
807 917
1115 1273
1217 1326
1143 1256
832 933
266 687
33 85
224 577
1123 1323
199 650
1330 1418
815 1390
392 1147
1056 1325
513 808
747 1128
1403 1417
113 677
286 399
1025 1364
354 1037
1246 1249
208 538
1026 1168
308 567
1415 1424
581 677
1294 1429
1264 1316
154 666
1179 1240
582 1052
371 1242
186 436
77 473
1205 1343
780 1025
279 511
1002 1025
323 411
1067 1322
342 1163
897 1329
220 526
801 1224
433 1127
805 1218
900 971
760 1041
405 1027
592 616
274 890
112 1095
1370 1433
76 880
557 1235
1018 1397
324 655
940 1338
1144 1148
1434 1435
290 1082
836 1308
628 1400
611 1413
506 1268
37 680
1000 1173
262 1249
318 1375
797 848
415 1195
629 1274
479 574
284 836
1381 1411
1088 1318
243 911
1211 1330
845 963
136 846
1258 1293
312 445
997 1434
165 1054
1402 1403
1091 1221
312 814
1262 1324
1386 1390
1090 1340
945 1237
1109 1253
618 875
395 1124
141 259
538 1204
1114 1331
1262 1272
286 504
136 1242
266 1036
576 862
356 1228
1160 1210
968 1271
488 783
333 1418
1037 1230
478 900
217 861
363 623
811 882
404 858
1023 1307
636 911
1377 1435
1289 1423
1128 1227
774 1152
452 631
760 1275
51 346
854 1418
833 1262
551 1129
724 1083
791 1077
251 759
1009 1415
556 612
1102 1191
937 1363
373 670
259 1395
526 646
507 1253
1423 1429
150 960
473 681
569 889
105 192
884 1254
853 1040
1319 1439
746 821
1004 1273
156 889
362 1353
998 1067
615 1203
1429 1433
687 1094
1253 1302
376 377
1007 1033
1112 1402
1388 1392
379 409
252 1313
1381 1417
220 984
363 773
504 739
683 1055
291 386
64 1389
228 488
815 1410
216 230
1272 1404
417 616
637 781
769 1243
398 621
565 1340
840 903
797 1107
246 852
1136 1267
833 1361
316 1304
970 1006
1103 1107
1194 1377
1427 1435
1377 1399
498 860
1103 1222
640 930
801 1198
1231 1396
654 1395
922 1038
56 788
528 759
298 864
414 1075
414 1391
1054 1255
1317 1435
522 1192
404 1413
242 1206
244 688
148 376
1237 1273
997 1362
908 1316
1021 1078
1087 1093
636 1434
858 1352
998 1360
1161 1255
536 686
1219 1425
279 1389
607 852
765 1069
42 770
1065 1074
34 277
568 729
563 1179
1083 1166
107 791
595 789
596 996
1426 1432
51 387
362 1275
1114 1118
1295 1340
174 234
874 1174
118 1313
1277 1375
1045 1139
309 805
19 500
964 1035
173 362
891 1244
185 599
1 588
1201 1217
1358 1420
1014 1215
301 731
374 472
91 888
1367 1426
795 1420
117 985
509 1132
741 939
145 590
415 693
1209 1405
452 1022
121 945
855 1325
986 1168
1104 1121
1391 1398
882 1079
1319 1423
354 1037
1426 1437
1297 1395
893 942
609 1104
1188 1416
312 714
1146 1334
1256 1341
17 270
96 945
382 637
851 1361
1124 1418
225 597
1225 1298
796 1013
988 1256
1292 1355
753 1100
1146 1315
1425 1426
1364 1376
1314 1431
248 772
1023 1347
202 1024
1214 1373
473 1371
635 1189
180 949
243 664
370 1128
205 259
894 1091
1187 1308
599 1060
695 885
949 1157
955 1169
352 424
783 929
1239 1285
508 1075
236 1062
631 693
916 1379
1035 1172
1121 1156
665 1339
613 698
50 1080
158 451
238 1349
698 741
994 1399
319 321
15 432
105 615
879 1383
1316 1341
625 757
1156 1157
120 503
1140 1416
67 709
724 777
507 1216
1249 1254
604 898
1251 1407
282 1304
1353 1393
804 1143
1104 1335
664 1166
1022 1311
1369 1422
1060 1320
83 867
761 1097
1242 1342
463 464
448 1056
944 1175
346 1355
1110 1377
357 557
675 715
362 674
458 1404
266 501
844 939
41 678
105 1277
154 432
868 1295
1204 1433
487 600
307 1132
1383 1421
1438 1439
540 797
489 731
46 777
149 1206
300 494
469 522
365 464
1207 1404
570 829
299 809
384 784
1155 1385
1410 1412
706 1095
899 1209
1391 1401
65 836
1005 1270
1127 1434
569 772
827 980
409 713
1380 1428
220 616
195 1362
265 273
1208 1292
1330 1427
984 1368
227 576
942 1221
770 1132
597 1050
1034 1297
1235 1417
758 1309
485 1141
131 1177
69 195
129 1005
1361 1372
1196 1247
45 712
453 1290
568 1433
1076 1249
529 1053
728 1093
751 1307
1069 1435
701 1104
716 1112
665 1234
92 577
297 674
476 831
1030 1291
1013 1213
776 894
1382 1391
938 1035
299 1224
977 1123
524 607
95 427
921 1174
365 477
1039 1283
418 884
801 1132
1307 1338
95 732
1197 1332
1255 1353
1335 1389
360 611
438 515
350 1213
355 431
375 1212
867 1095
636 761
65 1032
1181 1431
520 946
119 969
1331 1418
651 984
373 644
1204 1377
1397 1436
1239 1348
203 230
528 1222
420 1380
902 1024
5 1426
1294 1346
1156 1283
918 1256
1435 1437
379 492
392 843
1423 1431
257 1359
922 1124
1131 1319
687 852
676 1411
202 1090
1417 1431
918 975
524 1099
698 893
250 1241
590 985
764 804
1035 1336
552 950
1310 1352
1196 1352
817 1125
527 980
1257 1266
215 445
10 646
117 1402
854 1012
1333 1431
422 751
314 484
1170 1239
846 1249
976 1176
687 1149
566 1336
687 1312
67 838
1243 1376
30 91
516 577
116 631
696 1058
823 1147
742 906
1003 1020
71 437
893 1210
85 306
148 891
1192 1289
1047 1393
53 1030
429 1396
1139 1392
446 1364
693 1310
1378 1431
1312 1322
513 1362
891 1407
374 460
1356 1366
633 672
719 870
788 941
328 1071
994 1175
829 1154
890 1102
1099 1273
731 1429
187 1034
614 763
405 730
1379 1418
183 705
858 1111
1090 1353
624 1174
480 1051
513 760
274 1145
918 1148
455 655
890 1384
228 1296
509 553
740 895
677 709
63 1320
136 144
28 1194
1387 1438
276 415
940 1161
1237 1285
672 1052
783 1004
849 1084
185 509
112 1306
593 862
1382 1429
390 1364
361 1370
1402 1419
59 253
1083 1128
418 722
429 459
253 1025
1431 1433
239 1010
1339 1343
1160 1227
1207 1388
560 652
448 1100
485 1043
554 997
171 1083
101 1248
594 1326
20 665
999 1006
1205 1386
62 1435
809 1042
810 1076
788 1054
1111 1344
959 1385
461 1168
1300 1342
240 370
762 1196
857 1407
758 994
885 991
1149 1190
2 791
945 1028
196 362
1095 1418
908 1236
104 175
776 1175
550 842
75 675
135 858
380 1088
1069 1214
812 1394
943 1118
1190 1266
1418 1435
523 1331
852 1343
538 1421
619 1263
1152 1433
649 1411
1303 1328
608 1324
1290 1349
1291 1349
132 370
458 1414
289 693
1275 1293
682 1297
1205 1258
872 929
714 782
1407 1429
717 864
1245 1325
400 815
778 1338
1187 1413
1051 1111
728 1226
1034 1259
492 1032
846 1049
150 228
32 290
1300 1392
205 570
1251 1345
200 426
521 592
679 742
248 1173
961 979
679 1340
955 1160
51 657
244 264
972 1421
673 770
569 685
592 1434
328 1414
187 1005
1352 1439
49 973
1325 1357
237 571
811 1102
1109 1212
582 1074
1322 1357
723 968
184 1211
1256 1408
1152 1430
1292 1348
984 1006
1117 1216
1034 1379
664 911
1083 1131
1058 1414
1008 1170
382 1249
1008 1202
565 1112
1129 1149
394 784
442 696
121 899
73 103
852 1377
1247 1332
703 941
1007 1207
535 561
184 598
1060 1244
470 616
139 674
896 1341
252 814
973 1389
316 416
458 519
1182 1193
648 1332
624 834
1289 1341
200 563
746 977
343 431
203 1277
1184 1358
220 1337
947 1252
765 1191
238 759
1374 1430
239 1420
786 1309
642 1208
99 1375
443 876
42 257
177 1054
1271 1373
1352 1428
583 1307
547 1195
1177 1325
373 829
1269 1295
1137 1143
1128 1334
107 1240
1163 1298
717 1039
1064 1085
81 345
792 1219
762 1318
614 710
728 769
1109 1150
758 1225
1238 1360
1362 1381
1374 1392
354 1432
21 927
305 843
482 1001
69 704
821 951
889 1372
335 443
1114 1232
500 1111
1413 1415
30 717
239 853
1332 1355
413 892
208 662
16 1436
300 1090
349 1217
599 1182
769 1093
1215 1255
324 802
1396 1400
994 1102
1010 1414
1106 1268
1103 1190
158 1096
283 667
505 1085
399 623
1022 1075
1192 1427
478 1275
766 1146
1060 1334
790 876
491 976
6 1175
1343 1389
52 1355
934 1185
213 1420
945 1278
560 562
515 1407
656 1152
317 1012
811 1367
798 1174
710 728
1263 1391
11 1020
984 1117
1051 1360
1327 1391
446 792
1220 1362
16 850
142 1431
369 1054
954 1185
95 834
318 1028
240 925
470 741
301 466
810 1188
1079 1204
193 1303
820 1054
290 1044
817 1364
449 912
1419 1434
1423 1426
1095 1434
1402 1428
167 879
151 792
1043 1132
1255 1405
111 1020
432 1020
702 754
437 550
1203 1243
1430 1432
944 1236
281 759
1239 1282
324 678
547 836
168 679
881 1130
999 1117
1194 1407
864 992
366 785
967 1321
250 999
1167 1310
93 1361
1318 1356
827 938
975 1254
1396 1401
1092 1193
727 1180
746 860
656 761
951 1021
372 574
709 1305
1379 1388
1252 1320
39 125
260 857
794 1227
84 1400
701 1097
1202 1389
879 1291
187 839
15 775
353 1071
806 1225
41 968
738 774
633 968
382 986
264 715
45 369
116 663
438 578
1090 1147
118 590
149 553
1295 1364
90 236
746 1371
4 732
218 885
26 708
331 652
129 1246
548 1013
477 886
1204 1413
714 722
885 972
1228 1246
1181 1304
1188 1273
1291 1349
150 884
363 894
418 651
326 341
1142 1342
919 1337
1314 1369
629 778
590 1041
734 1192
1258 1422
759 1095
418 980
222 1068
1335 1432
1128 1243
1435 1436
458 794
618 1133
1144 1206
780 1032
996 1188
902 1078
195 1088
772 887
820 859
94 447
579 950
948 1153
1193 1271
356 776
642 1205
887 1282
370 1349
755 859
1229 1269
370 1368
966 1249
756 986
401 1168
928 1424
1344 1423
1275 1351
1314 1404
754 1103
798 818
543 672
106 1400
96 1348
521 621
254 1437
1400 1437
887 987
1180 1338
504 1338
241 1348
1432 1438
1356 1372
1007 1085
285 297
689 1224
542 953
715 842
605 1000
532 668
863 1290
290 499
409 1322
324 1189
39 241
133 302
113 824
745 796
1398 1415
1139 1384
920 1399
1069 1150
692 1051
13 654
47 667
1362 1401
667 1240
1186 1270
475 730
503 1080
1191 1296
883 1187
1068 1426
622 1332
980 1414
1143 1265
1032 1066
76 416
1228 1409
1325 1428
317 534
1242 1255
669 1232
663 1399
1122 1390
864 1421
863 1199
28 842
957 1412
1205 1352
889 970
921 1218
152 984
721 926
917 1263
1099 1101
681 1144
201 1426
828 894
911 1153
537 949
364 1111
12 25
619 1241
619 1120
463 683
186 1408
597 1039
479 705
795 1194
1306 1387
1026 1429
98 940
1246 1359
311 611
496 649
819 1013
132 379
557 651
1404 1422
934 1358
696 1425
562 935
860 862
645 1320
836 1151
1060 1384
621 1090
734 931
1339 1426
970 1385
820 1272
296 854
370 891
506 895
451 1358
662 934
1240 1407
816 1148
414 1253
613 816
510 1411
633 934
1167 1176
494 585
583 698
271 1267
814 1195
385 1133
350 1245
1006 1062
719 927
298 659
1051 1420
1112 1428
538 1204
819 1360
522 1314
1236 1424
897 958
1002 1156
1143 1379
596 1119
767 1110
748 1360
649 769
867 1428
351 665
870 1373
1119 1340
389 498
1244 1298
1136 1189
1049 1434
459 953
560 700
845 886
1148 1282
1138 1256
1421 1433
527 1229
1174 1353
356 738
362 891
969 1278
1248 1410
1382 1407
329 789
1369 1433
600 999
445 567
739 1134
1351 1398
669 747
166 557
481 1342
136 1383
1085 1295
727 930
1285 1434
905 1170
852 1431
1090 1146
410 675
1374 1415
714 810
168 1224
1227 1352
1255 1388
631 893
1031 1035
641 790
588 1079
52 446
293 869
1322 1424
1087 1257
411 735
879 1280
798 1177
1001 1093
65 807
668 1380
1052 1215
1163 1406
1311 1394
1035 1296
1025 1211
467 1292
1040 1303
97 259
226 316
847 1295
917 1279
949 1250
720 1220
870 1087
313 749
415 1031
1121 1278
740 1311
143 943
876 1073
521 1065
491 830
422 1203
1367 1394
762 1248
1057 1301
1270 1271
1423 1432
1110 1249
587 710
264 920
310 1355
1050 1162
1169 1208
992 1296
488 1365
1015 1391
292 1264
1290 1415
1025 1315
1241 1298
1281 1309
1104 1351
609 1305
637 888
1231 1312
702 1107
1292 1393
465 941
6 1162
451 1188
741 1033
1251 1433
1111 1352
748 1301
140 870
116 406
487 1422
323 1245
267 1187
284 1044
439 1317
1108 1366
474 662
807 881
815 936
714 1139
1016 1279
653 1333
829 1147
1275 1408
990 1116
28 1415
637 1158
686 1154
1217 1409
1085 1246
724 1178
887 1186
987 1345
502 1005
855 1352
1329 1435
913 1126
964 1300
766 1277
800 1084
1244 1385
1135 1241
790 1342
718 1354
1208 1304
1436 1439
1265 1396
1167 1208
135 1100
637 695
27 493
1217 1403
798 1034
1102 1264
778 1168
385 1278
1052 1426
862 870
1085 1382
903 983
900 1191
83 171
555 902
984 1319
1122 1403
1317 1382
338 835
1137 1370
366 1387
1 1190
1234 1439
1250 1379
365 698
32 157
701 1322
157 561
1063 1438
1188 1271
786 887
28 344
184 624
785 929
749 1005
55 982
286 1283
537 939
377 797
1245 1349
3 929
546 790
82 178
1377 1383
1218 1315
963 1015
1198 1300
1184 1421
1064 1410
522 525
1018 1236
1224 1286
324 844
293 1283
1301 1347
880 1394
221 1407
1081 1370
400 900
424 1013
993 1006
224 302
1007 1407
788 836
944 1153
735 1084
1188 1260
1335 1401
804 1041
1323 1331
271 646
1299 1364
710 1140
1311 1316
161 814
918 1298
1028 1084
1253 1399
426 1031
503 565
1214 1381
855 1284
212 275
50 852
1019 1271
1316 1344
636 1218
114 1256
196 417
953 1114
1173 1434
1288 1382
565 1170
1355 1420
658 847
216 625
390 621
457 520
977 1314
325 1195
247 866
207 670
225 765
387 481
202 992
1089 1315
1284 1328
1227 1303
551 813
756 993
368 985
327 746
168 1426
570 1226
583 1125
1138 1177
120 290
46 641
1415 1433
273 472
1094 1116
1203 1411
980 1401
700 1027
1066 1127
191 307
88 176
1080 1375
592 828
331 845
739 1141
1178 1208
1114 1293
809 857
629 969
271 308
106 809
1004 1196
1025 1055
515 1332
618 745
673 1154
394 668
1377 1418
406 1418
1019 1126
1427 1438
219 962
597 1307
1320 1397
820 1229
769 812
1085 1436
791 1435
924 1114
25 612
353 1425
91 1401
1042 1076
647 1103
492 1031
837 1320
862 1068
1421 1439
1217 1230
1282 1439
559 806
782 816
1310 1328
304 938
1286 1356
398 584
796 1073
790 1200
484 1125
919 929
1379 1432
310 727
65 124
217 308
1331 1363
562 1249
817 1190
979 1337
182 414
55 147
654 1193
538 1024
1169 1419
1192 1357
676 688
469 1409
67 1039
313 852
509 821
1242 1407
1219 1338
1087 1415
1255 1408
1188 1207
1351 1361
442 494
678 771
163 877
430 906
1401 1439
780 1061
15 285
286 1335
934 944
278 730
292 666
770 983
675 744
1061 1088
535 1102
646 993
1077 1242
1170 1252
882 1178
23 1029
1237 1303
1348 1428
194 1012
1085 1247
378 1074
821 1127
824 1246
423 771
1222 1294
1095 1124
1385 1425
777 970
126 505
27 1315
252 579
1401 1402
1019 1033
959 974
814 1128
1433 1434
1104 1388
464 841
1039 1365
1175 1324
520 1267
969 1435
1287 1317
1238 1262
114 1050
1269 1330
808 1236
1028 1084
834 1264
552 1033
125 757
943 1048
1398 1438
772 1331
1047 1378
951 1400
1365 1374
1362 1372
496 1088
1048 1356
455 707
428 436
159 1270
356 958
104 1255
232 1203
1337 1348
548 767
650 757
491 1058
1403 1422
1264 1323
1024 1144
1116 1126
1354 1432
100 1349
694 1173
768 1124
1187 1421
1236 1274
681 1139
351 1139
199 290
905 977
576 795
187 271
580 1208
1109 1439
527 1289
1255 1296
120 988
362 1438
940 1075
1343 1363
50 1177
147 949
907 1323
867 968
113 576
390 1304
692 1103
882 1191
75 1279
74 239
330 1288
759 847
371 375
247 547
108 337
629 1378
765 1394
1070 1177
1078 1113
1275 1315
467 1337
1028 1395
378 813
1161 1356
616 972
327 1067
1216 1417
302 693
1025 1362
1422 1439
1421 1424
745 1280
324 337
1354 1373
215 863
472 799
1023 1212
857 935
813 853
132 1300
826 1387
1206 1396
1305 1378
414 483
328 410
1305 1363
364 511
1242 1394
1119 1144
460 577
52 448
965 1338
664 1069
120 939
1411 1419
196 704
845 941
532 1299
532 595
349 883
376 1336
259 1174
330 1376
103 899
1139 1211
667 966
1016 1225
461 899
1030 1277
1351 1408
667 882
866 1103
1248 1388
623 671
442 465
536 925
683 1366
1249 1309
1360 1403
662 1359
1017 1431
149 1218
785 1226
604 643
2 331
1118 1151
430 567
339 1135
616 1046
679 1371
977 1204
1111 1386
572 1109
942 1000
875 1364
1362 1402
1232 1352
153 901
1378 1379
1299 1418
947 954
285 1104
970 1134
1284 1344
179 272
536 751
666 1400
517 1222
517 1088
1109 1120
261 1198
278 995
75 837
110 656
1184 1264
1108 1322
316 1065
566 757
920 1270
776 963
224 495
147 333
1240 1400
267 270
1075 1261
164 740
593 708
41 1332
764 771
659 966
715 1262
498 1140
1012 1365
420 1040
312 762
1303 1438
511 1436
415 968
894 1414
31 175
1265 1353
339 701
595 1439
723 1323
1424 1432
92 263
551 810
177 1391
739 744
799 1374
256 669
1321 1405
605 607
967 1312
160 292
549 1263
448 616
307 483
1223 1294
650 693
57 1412
402 895
1371 1399
589 702
681 750
963 1169
868 881
1014 1148
429 512
1389 1416
1102 1103
87 496
361 810
1340 1353
635 1140
853 1186
1082 1379
1155 1225
39 590
383 827
296 442
586 881
315 427
422 1349
1025 1335
9 1194
397 819
79 925
733 739
422 593
550 1145
375 675
163 1007
706 919
863 1009
442 1320
1163 1262
357 633
832 1321
488 886
13 261
668 1408
138 657
695 702
529 835
322 790
328 1249
1394 1434
384 854
905 1291
380 1206
332 428
46 967
647 1309
347 1121
835 917
329 567
788 1172
875 919
560 1251
852 1314
1265 1427
92 378
1080 1127
1231 1257
1137 1286
1180 1326
547 1173
565 744
499 726
1146 1156
316 975
41 1183
385 1163
379 900
607 620
696 1034
649 957
1048 1368
902 915
553 674
111 387
261 1132
1363 1426
76 1058
588 1363
199 905
1224 1321
937 1133
638 792
1235 1326
1098 1213
1024 1286
318 701
854 1193
506 690
866 1190
396 687
608 919
870 1211
863 926
1124 1431
665 887
69 283
861 1400
791 842
1098 1319
1061 1155
85 1143
836 1380
644 797
132 257
429 1033
1050 1358
580 1370
632 810
1110 1209
1214 1229
280 939
523 643
508 626
303 1330
688 1112
397 549
1034 1269
1092 1428
503 1103
989 1335
588 596
1421 1439
1312 1428
1212 1288
655 1434
147 315
456 825
953 1207
1310 1330
391 404
139 1122
719 1334
264 360
76 1317
328 348
416 1001
466 1325
936 1323
82 654
872 979
156 679
1193 1228
641 882
49 1256
74 1086
991 1041
999 1367
592 846
861 1200
59 189
92 775
16 1420
737 1222
978 1111
17 199
744 1136
816 973
1268 1346
1181 1348
940 998
940 959
1075 1139
266 863
31 628
591 717
1052 1413
622 1411
541 1069
908 1338
556 1211
426 846
362 1174
452 996
1330 1346
697 1400
869 1286
884 1011
125 160
386 1293
862 1109
770 1227
929 1181
1195 1224
1060 1416
979 1428
1129 1367
520 1291
1118 1387
233 760
1399 1429
808 1435
484 790
240 692
71 900
439 544
1360 1422
320 666
1330 1432
1305 1337
1161 1267
912 985
1236 1388
26 443
263 843
1318 1406
733 1152
1344 1418
1390 1435
648 947
1434 1436
672 721
103 1215
811 1193
1292 1398
1173 1259
128 276
1213 1422
224 1031
775 983
992 1094
202 297
217 395
546 883
61 273
881 1155
441 1431
297 770
1417 1418
1159 1262
1035 1424
357 1295
373 533
580 856
994 1295
1058 1230
412 515
972 1398
273 778
1173 1371
156 615
1203 1209
355 811
731 1392
706 996
58 944
980 1052
644 795
732 1412
561 1434
1216 1358
1023 1111
1181 1189
754 1341
1371 1405
1229 1246
202 1416
1056 1417
467 1266
139 881
899 1305
150 657
525 595
849 1192
816 1150
148 970
717 986
635 891
693 1072
459 641
836 1373
1049 1249
1211 1288
297 1221
1267 1292
652 998
940 1276
411 1014
686 1362
1363 1393
974 1289
137 721
661 1375
937 1174
84 227
753 1276
700 1304
59 1039
1308 1374
1198 1377
1328 1370
1046 1252
906 923
476 1412
1135 1358
799 981
1295 1434
303 463
33 515
529 535
247 935
1386 1407
338 768
479 520
1046 1289
356 476
353 1235
1211 1375
1431 1432
231 1138
978 1104
697 1059
770 945
1004 1007
914 1325
693 1403
146 1314
308 399
400 1124
333 496
1081 1129
10 592
1174 1321
466 774
650 666
255 371
1059 1438
54 873
384 892
1302 1425
451 817
942 1380
473 546
929 1306
334 773
1052 1412
1351 1380
437 1107
144 578
73 763
1350 1410
559 589
209 1103
671 968
196 1062
205 1341
1122 1388
469 738
1398 1420
386 1274
475 504
857 1436
134 1331
781 1175
284 1186
1175 1417
824 914
914 1030
495 578
453 863
1020 1145
491 908
171 1078
489 1057
745 987
706 1122
483 1042
1080 1266
635 798
1085 1298
1061 1402
8 268
950 1331
1280 1329
1028 1315
1147 1306
308 1401
327 1290
273 1381
760 1318
424 1062
66 796
502 1009
619 1081
1078 1245
516 1209
1076 1258
338 957
1298 1403
1028 1060
955 1045
445 669
1238 1402
860 1039
387 754
225 641
626 884
743 1241
594 966
265 1152
760 951
99 1054
345 721
679 1266
80 886
906 1384
495 1050
921 1305
740 826
970 980
655 688
341 466
502 1343
733 863
1071 1382
910 1104
837 1084
1212 1329
482 785
1378 1392
558 1264
1390 1418
687 1370
758 770
99 531
908 1376
945 1260
603 817
545 703
149 1429
4 230
1365 1393
648 711
711 1269
1258 1427
16 1283
825 910
1209 1397
13 596
949 1161
322 649
623 1293
36 262
1029 1182
1162 1194
250 637
814 1207
1321 1350
870 1079
1323 1398
451 1042
427 1199
832 1004
527 599
1192 1360
1204 1249
820 943
390 1280
500 618
1047 1388
1164 1245
112 575
347 1407
761 1135
1050 1242
1021 1308
316 783
785 888
535 640
225 877
808 1162
1400 1425
1244 1311
402 588
1063 1139
797 1365
130 580
458 508
976 1210
961 1361
835 1079
366 1240
716 818
355 1050
770 1356
1011 1315
1105 1253
10 476
59 1392
675 801
1007 1182
303 1047
1152 1165
651 1276
219 724
143 1272
844 1301
725 1437
1064 1229
105 155
435 917
381 1129
939 1072
30 874
633 1141
1149 1363
26 112
790 943
1387 1424
136 146
1357 1395
1018 1377
791 827
1022 1226
409 978
1085 1268
602 720
290 1190
1126 1172
763 1064
787 865
46 870
954 1382
751 1111
151 1258
1295 1397
1179 1241
148 451
472 985
1001 1089
32 1286
432 757
213 1165
438 1341
1366 1404
315 1188
277 1418
1098 1333
854 865
519 599
1315 1343
983 1064
765 1246
753 895
982 1174
1427 1435
197 531
997 1380
848 974
946 1365
74 497
869 957
1141 1431
1048 1143
1059 1433
475 1397
865 1249
602 826
13 71
976 997
684 1216
1408 1429
332 1137
302 951
226 834
532 958
162 1030
1428 1430
918 1016
1080 1342
1040 1215
838 1370
25 1381
1009 1299
180 1431
669 1400
363 471
239 265
970 1094
480 1361
1305 1408
705 906
377 518
1319 1325
755 1433
1324 1370
146 1429
335 412
1199 1402
555 981
50 241
339 665
984 1124
1157 1264
1300 1405
259 651
1048 1144
985 1285
567 1181
823 1383
741 1118
916 1042
998 1421
432 468
462 1118
1221 1242
1140 1175
75 375
1002 1188
545 1143
434 1392
337 390
562 1373
800 1211
995 1137
490 800
728 1195
192 630
348 517
936 950
1317 1356
1386 1439
43 1432
280 767
120 772
586 1244
1289 1406
1359 1397
1065 1346
134 1048
1263 1389
163 687
1355 1383
1119 1189
905 1379
431 1243
582 618
911 1378
618 1295
1412 1416
924 1335
1075 1272
1155 1188
1258 1304
32 106
1163 1400
1191 1329
1268 1329
805 1133
1410 1428
1084 1199
75 504
528 826
1384 1404
827 1114
455 1213
1068 1216
241 1294
691 965
1244 1339
258 1274
1178 1398
262 760
1075 1084
959 1173
783 1112
753 1071
892 947
204 1438
517 1005
546 1351
569 679
446 869
1089 1196
617 637
725 1288
305 599
14 205
872 1106
642 1233
281 353
1421 1430
129 651
100 986
571 930
685 878
1239 1425
870 1393
1386 1404
737 971
862 997
37 867
523 1222
990 1405
627 1435
30 387
652 947
1395 1439
1014 1259
350 596
231 669
653 1309
235 864
763 1176
505 773
981 1053
1064 1162
1225 1284
420 911
1076 1416
1097 1393
328 940
657 1213
494 810
472 655
622 1329
1334 1434
1423 1439
1242 1436
248 671
813 1431
960 1251
1284 1326
230 860
984 1309
469 843
935 1265
123 778
1231 1336
594 1204
528 699
86 221
971 1337
566 865
1372 1411
357 857
685 1193
559 912
75 350
1046 1235
448 1072
1011 1210
819 834
118 618
544 565
818 1397
1362 1431
267 464
1119 1357
432 482
1028 1345
296 868
856 1270
843 1320
875 1063
1409 1410
1130 1187
23 612
651 961
748 864
15 829
1371 1401
1082 1363
282 1420
279 1265
494 601
957 1308
450 1208
476 1410
857 891
858 1067
744 1159
779 1188
491 1336
1097 1294
173 417
501 928
389 920
117 418
1095 1219
676 1106
1329 1356
568 1389
580 1218
801 1085
581 944
120 735
737 1233
1045 1089
1023 1320
755 761
1151 1309
793 1402
2 337
164 613
428 522
747 1248
1353 1391
1059 1403
433 1235
665 945
625 1438
1306 1363
834 1113
250 1338
111 1041
1300 1364
66 496
52 1427
577 1361
617 1289
877 1195
165 1009
594 695
962 1130
538 934
1232 1391
279 1268
988 1202
170 210
856 1388
25 550
822 856
944 1067
116 1008
136 1072
1236 1404
190 645
155 381
855 1022
481 518
225 502
119 1049
1197 1273
462 793
1217 1241
1397 1408
1405 1438
931 1024
1137 1251
157 706
1420 1435
383 1286
1010 1012
337 1115
1264 1270
1397 1435
1336 1347
57 1053
752 953
103 382
1421 1426
1153 1275
1036 1101
936 1371
1157 1282
520 1037
899 996
94 101
694 1407
1327 1384
832 1378
1186 1344
856 985
780 1057
25 789
307 842
1136 1280
777 895
1058 1322
909 1312
318 1235
186 802
1195 1382
849 978
1059 1310
119 1183
260 1138
424 810
641 1280
221 1132
240 773
753 1157
463 916
947 1253
797 888
293 715
1124 1293
1000 1017
130 504
615 944
109 1270
506 1201
1298 1346
557 1020
800 902
872 919
1272 1379
671 1305
784 966
184 1152
318 363
1309 1438
1297 1323
320 739
214 932
90 843
1132 1145
816 1221
912 1228
394 492
278 632
844 1387
518 584
3 178
771 786
303 410
777 1186
1377 1431
200 429
580 1094
1286 1403
816 1385
1129 1198
1398 1425
955 1070
1403 1427
903 1273
801 999
1035 1143
203 1228
963 1170
1363 1410
761 914
569 1149
1353 1412
272 1370
1282 1333
688 1045
896 1000
1092 1375
996 1350
673 1056
1421 1433
483 806
635 724
710 727
1266 1275
1438 1439
729 1407
1063 1429
977 1038
785 1215
1334 1361
597 1048
1012 1265
978 1070
1033 1220
761 832
1218 1293
745 1207
567 744
770 781
398 1239
1052 1140
43 1340
163 295
1438 1439
161 209
850 1223
566 1143
1147 1211
956 1402
896 1077
819 864
364 685
421 478
1032 1425
96 1045
134 1144
90 956
1146 1402
715 1213
611 1198
538 1152
773 939
1047 1208
1234 1389
1406 1423
1137 1325
63 1015
290 565
266 1147
432 1188
1190 1431
777 908
762 1350
291 309
127 299
608 730
1136 1227
345 934
761 1429
748 945
612 1003
613 968
592 870
527 545
1367 1415
510 514
833 1320
409 1312
635 1255
43 1102
51 835
358 1070
100 382
591 602
1179 1414
1243 1429
301 1103
775 811
608 1165
408 1433
603 1159
242 771
178 486
805 934
1343 1389
523 993
27 1240
938 1278
559 1352
1070 1226
721 1153
803 1221
349 1225
95 367
482 533
1063 1065
382 982
256 357
1398 1427
358 1037
56 154
502 1243
75 1142
765 1074
1241 1245
906 1298
1165 1282
690 1380
1380 1417
142 1013
474 948
147 648
255 699
875 947
338 1146
174 855
1357 1438
868 966
451 533
437 1142
169 873
1001 1313
316 819
60 1387
491 1407
1248 1353
1185 1350
571 743
1220 1300
797 1131
238 492
1248 1254
341 859
321 1192
405 1439
140 445
1366 1375
37 1138
1277 1321
585 1316
142 614
529 1226
543 1125
809 815
418 1260
33 69
172 846
1198 1214
51 1033
498 954
904 1283
278 964
367 1002
1220 1313
392 716
1294 1427
1009 1335
310 742
230 913
917 1228
934 978
927 1293
865 1349
172 1140
953 1049
1002 1240
1143 1283
1167 1241
924 945
91 986
782 1304
363 382
94 1164
110 383
258 1184
888 1033
892 1168
976 1210
449 480
987 1317
217 1185
33 186
955 1072
1055 1401
546 1224
1062 1089
135 1096
1237 1341
1203 1339
1038 1330
1424 1432
1153 1426
1279 1282
107 625
206 688
572 944
60 1142
296 314
525 985
498 1014
787 1411
294 316
1068 1193
213 919
719 939
75 162
966 1176
387 773
1062 1236
50 625
314 752
125 1265
877 1020
922 939
919 931
420 767
83 768
109 792
814 1268
720 1213
652 789
768 933
182 218
318 912
1354 1426
1280 1426
167 881
525 985
858 1403
1151 1385
389 927
178 999
1177 1347
1093 1231
890 1317
718 831
162 255
640 1083
255 1163
600 1201
1101 1127
950 1299
31 256
409 1439
940 1040
441 1078
307 737
905 908
1052 1336
824 1184
77 967
1005 1393
299 775
173 1010
1211 1286
920 1191
1328 1428
746 1003
935 987
779 1032
1127 1202
373 396
979 1028
97 948
211 1385
477 895
229 709
798 853
534 1286
1068 1294
974 1061
147 1287
124 992
319 452
1202 1422
358 1011
666 1269
917 1405
245 304
272 836
1129 1326
790 1361
1361 1385
657 883
691 1176
940 1158
68 186
396 839
1417 1418
446 711
322 424
980 1140
677 1425
762 831
965 1079
598 644
91 427
61 491
1131 1307
502 1261
1177 1275
279 1317
64 247
352 1382
161 254
859 1020
1217 1347
645 714
797 1004
1124 1237
884 1431
742 1348
1275 1428
879 1400
446 477
76 278
1098 1411
164 1390
1069 1130
1402 1426
1409 1427
1198 1358
132 256
1156 1214
92 212
763 1326
188 996
1069 1113
657 1266
289 439
375 1068
361 1262
463 640
714 853
751 948
528 1097
724 888
565 1439
828 1079
1089 1248
1058 1419
745 1150
248 1024
872 1142
561 627
524 1039
511 930
760 796
901 1405
1394 1405
1287 1308
663 1266
495 735
384 1175
889 1425
1252 1332
222 950
732 1175
97 374
768 1331
1156 1420
1226 1345
697 1192
792 1109
1418 1433
1068 1432
137 291
1244 1372
595 1041
1197 1415
424 1240
167 392
447 1392
488 1282
313 1097
359 1300
782 798
196 534
991 1062
644 1349
395 441
567 1407
1193 1430
332 542
135 1171
451 776
691 1379
1108 1286
785 1220
704 784
308 447
371 698
1086 1263
175 398
365 1033
334 546
315 1403
620 776
392 1154
1190 1278
1358 1402
348 531
213 899
1337 1350
149 734
451 1308
1390 1423
685 1283
360 1087
1327 1430
1167 1377
346 451
368 511
376 569
969 1398
251 1042
575 1424
248 1143
318 1297
1129 1397
1010 1280
77 103
1121 1148
664 1290
1420 1422
1310 1413
575 965
763 1268
906 1152
910 1233
932 1106
156 1202
663 1315
38 425
316 608
950 1414
1203 1359
95 858
371 1308
127 555
1282 1368
960 1376
127 1435
1275 1315
777 815
1232 1369
877 1184
1403 1437
1305 1364
507 617
814 893
979 1003
981 1161
461 816
1120 1439
956 1170
1093 1188
227 1101
773 995
1181 1432
363 1054
289 1382
1169 1276
526 1308
661 1399
6 935
315 971
185 432
376 552
1151 1317
885 1214
1303 1407
1130 1180
238 562
943 1152
220 947
883 925
744 818
783 785
494 904
13 221
1217 1300
609 844
1051 1312
787 1375
1249 1341
290 445
226 980
903 1408
391 975
1221 1274
783 899
674 1304
477 810
768 1219
1134 1323
227 859
1210 1291
799 1114
1060 1301
1282 1289
368 1231
1291 1363
27 132
1298 1431
540 564
1104 1369
1421 1427
1165 1400
695 1161
690 1123
457 988
1271 1361
43 491
1094 1284
644 1373
996 1358
134 727
1039 1159
765 1253
970 1089
905 1394
726 799
75 686
301 525
305 1083
1423 1438
1022 1264
1135 1192
951 1156
153 426
45 787
305 480
1301 1330
387 1009
171 949
500 924
531 1089
197 735
1374 1436
636 1185
840 1392
306 680
124 457
556 961
926 1124
28 134
840 1242
1312 1438
1284 1378
892 1190
1218 1408
658 941
1137 1371
610 902
1016 1232
1231 1288
94 846
1005 1140
776 912
1224 1412
22 978
108 1397
197 213
467 652
1418 1436
582 799
740 929
980 1211
381 942
1425 1429
101 206
980 1325
1073 1416
854 1061
374 1098
161 967
1375 1387
1000 1087
98 279
58 155
857 1125
757 846
1117 1335
814 1308
957 1287
149 1291
1063 1283
1024 1132
776 1184
69 495
1230 1351
1276 1343
608 774
73 988
97 1045
362 481
940 1365
1047 1128
878 1126
1430 1435
351 809
1302 1406
144 1340
22 174
183 326
790 1336
154 1393
432 1266
793 1135
1062 1198
657 958
420 515
931 1349
1170 1363
926 1285
1427 1429
1436 1438
1237 1270
1025 1381
741 834
111 1386
559 577
785 1003
219 425
112 1186
1427 1434
1 1033
718 1255
174 858
1114 1297
897 1099
63 852
45 382
1064 1108
800 1287
839 1228
27 1253
849 1186
1056 1396
1350 1392
1234 1374
994 1335
684 859
732 1108
695 1268
545 1158
898 1154
683 988
167 1364
398 910
817 827
979 1021
1212 1408
1079 1263
366 912
272 455
1425 1436
1171 1182
334 483
863 1080
1283 1354
1244 1431
940 984
662 1403
751 1303
254 950
790 906
598 630
377 960
1399 1410
107 947
1307 1327
149 671
1311 1392
969 1384
11 1330
1207 1397
73 526
97 1360
222 234
975 1076
852 1292
344 719
797 823
75 1305
1077 1174
144 1315
1152 1295
1255 1351
588 1360
242 745
1171 1359
1043 1169
454 1091
334 517
756 906
1264 1336
360 749
1214 1229
465 957
433 461
637 913
1418 1438
234 423
975 1161
742 927
589 841
735 797
721 945
108 797
530 1401
1171 1391
663 730
1184 1327
1166 1372
952 1014
72 1153
258 424
943 1037
850 907
826 1091
1350 1382
341 941
901 1043
1155 1266
1142 1377
840 891
967 1294
856 1382
645 1002
1334 1373
230 292
458 1090
505 1280
406 615
889 1260
575 1436
323 610
1393 1428
203 792
1254 1256
1420 1425
365 426
520 1313
464 722
1134 1318
384 795
636 822
575 1330
1264 1422
1162 1197
864 1438
199 961
117 997
911 937
1188 1363
1213 1335
675 999
59 623
1211 1349
1321 1423
213 580
1385 1420
863 1287
298 1353
175 317
918 1399
1125 1213
1372 1411
655 1037
85 129
1209 1389
587 1258
1110 1274
191 468
766 924
346 394
1111 1135
724 1400
1066 1303
428 463
1062 1351
1036 1327
1033 1259
1008 1372
18 878
1036 1257
597 618
340 1397
981 1309
554 756
74 114
851 1101
874 1142
856 1128
691 1157
1175 1253
807 1050
1261 1410
462 1387
395 1214
552 984
953 1118
937 1215
828 1030
927 1082
1286 1439
635 1005
681 1041
1410 1414
1269 1300
1401 1417
653 1154
1105 1198
1060 1086
321 1318
920 950
318 1128
718 1410
1296 1309
919 921
969 983
880 1151
209 449
308 903
214 442
941 1115
262 776
127 627
1143 1434
1097 1184
45 1020
1350 1390
711 1424
80 1078
395 1020
624 951
671 833
98 305
235 1018
904 1354
706 1120
1383 1404
1231 1429
1149 1353
1411 1422
1406 1408
105 270
1108 1217
245 1114
1026 1176
819 1331
44 350
1189 1230
713 1070
481 599
353 995
920 1145
1214 1305
373 726
489 1369
487 567
690 834
1086 1146
141 1320
710 1021
1111 1404
1253 1359
1358 1434
661 999
1031 1201
337 1304
364 786
872 1006
378 783
523 813
799 1122
514 840
702 1435
755 1416
174 1278
146 1006
1033 1312
129 1187
373 831
775 1187
127 733
179 437
105 406
204 976
3 121
1373 1389
823 1379
877 1065
202 719
1222 1315
422 1310
672 1268
1258 1268
671 826
1261 1269
517 1359
366 373
1390 1415
1232 1376
1220 1239
13 232
1049 1052
1214 1370
201 209
1050 1397
788 789
1080 1239
1152 1270
330 1088
383 489
1390 1409
894 1001
923 937
181 562
422 1230
515 947
59 1010
585 1367
1383 1437
115 1133
139 1107
206 1371
77 826
106 1414
1341 1355
132 1070
148 426
623 1382
8 838
875 1180
633 1169
477 1130
472 1112
937 1274
223 588
630 766
125 1112
575 707
1130 1365
424 480
871 1435
941 1322
1052 1119
1044 1346
698 735
585 862
633 1372
1110 1359
985 1340
781 1296
393 777
260 980
603 637
101 899
96 599
863 1068
946 1357
508 928
310 527
342 579
912 1170
313 678
458 877
1165 1320
1408 1412
1039 1421
407 526
1433 1435
451 580
1067 1384
1350 1376
254 771
466 683
1243 1260
388 1388
718 786
335 793
462 1295
722 1127
590 1104
123 580
819 1168
931 1159
722 825
1273 1423
52 134
822 962
144 710
650 956
755 1114
26 1010
527 771
1328 1391
818 1315
560 902
29 1027
564 748
431 1176
1387 1428
573 981
1198 1325
395 461
641 1092
633 908
1110 1335
405 1307
386 874
576 1151
667 1195
1369 1391
312 881
287 1377
1401 1424
2 871
1126 1238
494 1034
486 1044
1311 1408
666 1212
862 1367
1102 1301
29 78
544 964
419 789
331 1138
559 1012
837 983
1315 1411
1337 1360
495 1416
116 949
7 903
1209 1240
875 1393
1356 1387
849 1367
531 659
944 1219
12 543
42 580
1387 1430
114 449
1161 1164
1347 1408
196 1336
1167 1411
720 1226
1165 1328
411 952
1361 1397
788 1405
579 1255
990 1046
1027 1077
1227 1262
77 1388
661 1321
964 1029
1246 1342
948 1201
1338 1415
454 584
711 1367
214 1320
970 1323
153 920
976 1146
751 967
596 700
982 1138
245 303
334 1303
564 1070
831 1157
483 1096
1216 1264
313 840
541 722
828 1367
489 1147
74 338
242 1133
1312 1315
756 1352
257 1068
1404 1410
1293 1372
890 1358
1430 1439
577 986
896 1340
1341 1370
982 1143
962 1002
1081 1186
323 606
277 460
137 584
132 369
917 1277
37 1313
1389 1395
913 1143
1126 1371
148 875
1040 1239
1126 1129
464 634
577 1357
1115 1116
481 1276
737 886
494 770
999 1143
653 1030
313 1179
1358 1379
130 1407
993 1314
1107 1314
1098 1319
338 1165
483 847
727 764
1122 1168
1310 1395
679 1423
541 986
1291 1402
1284 1365
699 1418
677 1102
1339 1343
145 403
260 514
57 966
264 1254
617 804
1172 1224
888 1385
415 998
396 1243
573 1212
1316 1321
1117 1174
384 1157
712 914
259 727
409 1237
169 450
1197 1406
1397 1418
172 1359
49 1167
463 1352
360 783
175 1058
948 995
757 1321
40 54
751 905
819 826
640 1112
310 1279
1295 1309
418 1187
922 1434
683 779
343 774
251 1325
473 688
1308 1331
302 860
742 1230
755 1178
179 736
695 987
734 927
1155 1323
730 1272
1026 1339
212 1066
971 1318
857 881
67 1013
785 1237
686 947
1257 1403
843 893
804 1213
1226 1379
1316 1354
146 655
141 967
504 514
169 425
1421 1433
1264 1403
1218 1254
659 707
1216 1359
1422 1434
674 1035
9 1407
1095 1241
600 853
838 1411
436 658
447 1043
467 548
930 984
610 651
94 1257
482 587
434 834
550 1006
1299 1394
1184 1300
1343 1404
244 292
49 1263
443 1077
672 816
997 1089
291 804
476 627
1296 1364
590 1036
1213 1224
227 229
1160 1282
792 1148
925 1113
895 1018
954 1367
550 1331
53 1413
481 811
1133 1407
1134 1290
797 1018
1415 1435
1021 1211
1214 1238
277 697
428 738
595 652
854 1428
76 1020
616 835
1062 1346
299 1257
268 934
766 1255
1065 1262
1323 1439
935 1037
915 1107
823 1356
194 1412
202 1214
692 1068
526 577
667 956
442 563
193 816
795 1321
889 1102
922 1361
1066 1068
374 886
305 1075
668 1211
1254 1424
907 1062
448 853
1076 1084
840 1229
229 540
686 998
550 1115
162 643
1046 1133
12 34
1321 1379
95 372
297 1432
1233 1388
895 1096
765 1283
693 1336
433 1162
79 90
816 995
1265 1315
228 1367
907 1022
1184 1241
857 1340
17 1117
46 739
171 551
563 899
1028 1354
932 1147
142 1375
205 411
267 1388
963 1309
1388 1428
1240 1322
127 132
1051 1132
529 1097
901 1088
964 1001
456 1397
1015 1022
892 1169
320 929
420 1273
670 1332
965 1171
660 971
220 835
1308 1419
850 1438
743 970
552 596
610 1115
205 1019
1039 1092
786 1191
351 704
125 543
503 940
694 800
1236 1312
683 1006
1134 1255
905 985
283 462
1005 1069
129 1008
1189 1359
1134 1288
90 557
732 1426
844 999
53 945
218 576
338 1194
1149 1270
415 1275
860 1252
375 690
629 1424
546 895
659 968
907 1353
1420 1423
87 507
402 495
379 663
332 607
527 1013
454 1167
641 1131
1158 1438
151 984
77 991
695 707
1171 1213
1007 1370
912 971
866 1332
1097 1230
1402 1436
168 1049
288 1007
278 1382
1384 1421
1188 1402
171 276
1400 1433
1274 1387
1195 1410
726 1152
822 1021
371 1281
1015 1072
14 712
79 1399
301 814
2 1102
1428 1438
1028 1418
1365 1380
1258 1279
838 1235
888 953
666 914
1318 1428
641 1307
1183 1308
367 801
315 1053
477 1221
600 1255
920 1385
328 728
481 779
1285 1394
73 174
665 679
510 781
1260 1340
1213 1409
1382 1384
531 692
928 1134
922 951
955 1409
248 308
952 1271
686 1054
739 853
1013 1036
1429 1439
1104 1155
370 1029
691 1319
1403 1425
1265 1437
638 921
266 599
425 582
454 954
928 1138
716 1384
366 691
170 224
909 1128
1377 1415
332 1210
1160 1308
431 724
391 1020
962 1174
762 1204
1221 1422
669 894
1385 1387
657 980
33 887
266 311
76 1088
81 434
694 1232
723 1117
950 1075
1171 1192
181 583
515 612
341 791
919 1306
94 1168
773 1016
57 1337
813 873
342 859
3 381
980 1080
1370 1423
248 952
266 915
1215 1242
752 1061
5 638
708 1294
894 1031
1004 1119
1086 1166
624 696
1058 1370
40 1023
1027 1033
748 1149
504 828
785 1386
218 875
1427 1432
498 958
808 1021
236 1067
390 427
1119 1125
1327 1426
121 307
277 1170
507 1222
400 544
1352 1417
691 1423
895 1177
1011 1330
1079 1318
646 973
72 477
372 1307
816 1254
1216 1228
1326 1380
467 717
89 517
282 1096
234 501
74 612
1436 1439
1052 1185
959 1099
717 820
307 838
655 888
1389 1407
330 1246
85 293
1293 1301
835 1362
350 395
1162 1393
789 1194
928 980
732 1160
646 793
787 893
1413 1431
231 1207
470 809
836 892
1127 1243
749 994
49 1232
581 907
1122 1387
330 1195
941 1426
1078 1429
666 1110
1064 1130
411 774
822 927
276 314
455 800
828 909
1349 1404
748 1268
483 1207
951 1143
361 783
1053 1095
516 1031
874 1385
947 1323
641 932
573 979
805 822
876 949
678 750
1017 1287
901 1179
777 1092
667 1032
1380 1402
589 1296
280 438
820 1145
1113 1287
1383 1418
1232 1236
761 818
577 1343
839 1047
1009 1042
368 495
779 1328
892 917
641 1333
1158 1194
918 1266
108 804
708 1101
131 184
1266 1374
602 726
167 1248
641 1145
545 1192
422 881
819 881
1051 1358
1068 1276
727 1159
1002 1213
873 1361
239 1333
408 1028
452 1296
491 521
1323 1424
651 979
227 562
1326 1384
1232 1253
1421 1437
179 1429
421 1128
123 243
509 1438
1123 1276
834 1097
179 384
496 657
961 1028
158 430
351 989
403 879
970 1141
1369 1400
594 1149
1089 1150
713 1383
812 1317
297 422
281 945
266 442
836 849
737 1274
1320 1413
998 1199
607 861
948 1320
129 1395
109 1145
1157 1177
541 691
958 1056
10 256
590 1405
424 1369
132 324
152 324
696 1141
1220 1333
1367 1420
1324 1334
436 858
1311 1368
231 1269
779 1418
471 789
1266 1347
1110 1245
789 865
1112 1262
1401 1427
420 614
336 743
635 810
85 505
261 839
470 1144
859 1194
562 1320
837 1255
985 1007
343 1352
550 757
1173 1352
331 575
1348 1382
651 843
509 1252
312 1229
3 638
456 1149
927 1420
744 1216
1339 1407
1001 1007
581 738
979 1404
1198 1407
1247 1260
421 1039
824 850
890 1356
903 1037
1166 1412
881 1371
597 1032
822 1025
962 1055
642 797
1378 1405
1283 1409
1081 1192
568 575
926 955
1013 1025
439 1049
182 1352
145 736
1052 1186
1114 1126
992 1272
776 1231
6 1019
972 1086
861 1090
642 1130
92 853
1280 1371
914 1129
1179 1225
1078 1371
124 484
765 1233
118 1400
199 981
1183 1199
996 1108
