120
490
987 1234
311 1193
33 122
1044 1401
431 1354
573 695
1111 1150
414 1186
406 885
597 1195
1329 1413
375 569
979 1381
120 916
1125 1371
307 1190
1082 1288
280 1155
1048 1404
831 1132
377 675
724 894
1147 1302
431 956
523 791
305 1316
679 964
136 891
762 920
715 811
1301 1337
386 449
1157 1428
668 888
624 1283
813 1437
876 1314
671 1120
584 755
1203 1412
744 1353
22 261
1217 1432
72 840
207 1419
297 1345
1413 1414
693 1153
286 965
893 1413
1163 1279
335 1049
341 1313
601 907
596 1196
324 954
580 1065
873 1429
341 1071
1073 1346
243 680
1425 1438
550 1115
61 596
563 1214
526 1392
977 1144
726 1016
446 673
210 499
994 1263
619 851
848 1348
688 1011
1023 1146
1202 1357
395 980
634 1337
784 1410
749 1391
665 705
550 1412
324 646
1089 1374
669 880
684 1026
1248 1393
1288 1366
964 1159
851 950
535 962
717 929
220 855
641 1380
1240 1383
426 1099
302 487
692 831
81 1223
799 1347
810 972
824 1266
1160 1308
776 1366
173 180
962 1074
871 1089
606 949
805 1080
42 527
813 1142
1206 1236
460 765
1187 1199
1281 1287
725 946
1304 1313
32 327
111 1284
438 988
764 919
1254 1265
996 1316
448 794
397 707
294 436
1037 1134
949 1078
588 928
1227 1439
1121 1355
175 833
619 924
73 855
530 1236
250 750
1258 1420
288 1434
1341 1355
930 1064
1437 1440
192 495
1266 1352
1293 1346
900 1150
1338 1378
695 700
183 773
964 1263
612 1353
977 1438
307 881
1122 1258
966 1149
511 794
371 960
62 367
831 1103
60 153
1185 1420
182 999
249 1433
283 1092
62 1348
687 759
1122 1212
1408 1411
687 1034
858 1245
178 957
131 1199
28 1407
1355 1368
690 1056
800 1411
283 863
572 622
301 390
208 1253
700 1092
224 671
623 1101
298 511
1001 1043
1018 1349
329 1020
997 1143
428 1093
723 1401
400 1008
103 828
449 827
370 1097
614 741
961 1267
860 916
1054 1283
1078 1348
253 321
760 1263
189 1029
107 1189
925 1071
197 265
559 1041
1270 1344
467 1071
205 763
1016 1243
386 1156
321 401
1067 1074
142 345
1119 1134
497 572
1305 1414
808 926
553 628
539 1162
329 678
1044 1055
1012 1184
786 956
1008 1046
560 1151
803 1249
896 1316
664 937
714 1045
498 818
1373 1377
831 1369
1276 1304
577 1346
1028 1159
239 1370
1227 1371
183 916
1415 1419
1040 1191
902 960
1328 1348
295 817
118 485
1337 1403
307 486
230 1399
673 1131
360 595
572 1251
769 1215
941 1069
1343 1361
446 1298
876 976
368 1148
748 1211
575 734
85 558
640 669
1049 1137
761 1304
1343 1376
1037 1313
763 1349
1298 1406
546 1332
420 756
244 1399
171 769
1035 1164
667 984
107 463
1400 1424
1030 1114
1015 1067
583 1028
916 1085
278 370
1361 1387
1210 1429
1306 1386
1087 1287
879 1256
1305 1361
1424 1433
383 1056
1091 1133
156 1435
1206 1276
1215 1340
330 962
996 1375
112 1024
871 1327
150 738
107 334
671 1152
77 1303
727 1323
1431 1432
1005 1175
398 1419
788 1422
962 1007
1405 1439
766 807
512 760
826 1405
1099 1368
931 1349
767 1369
1074 1419
1145 1424
1397 1434
18 373
1162 1268
262 797
454 1011
755 1362
94 1303
517 993
517 880
209 921
1373 1410
26 210
348 991
669 1122
364 780
1300 1414
266 982
1332 1374
1174 1440
248 373
1212 1282
1434 1439
245 315
746 843
572 640
415 1275
1082 1407
54 484
938 1188
713 822
1230 1301
438 779
1286 1302
940 1211
524 601
15 1398
600 1428
823 829
499 1180
19 646
665 1071
827 908
672 1108
731 901
1436 1438
851 1257
1247 1396
604 1270
1091 1318
1277 1404
128 359
523 1363
602 630
373 1267
656 1375
852 943
276 581
345 610
705 871
1060 1267
925 951
1359 1432
1022 1124
422 596
1020 1289
824 1018
640 1031
942 1050
1226 1328
226 464
1290 1391
582 996
1139 1153
1066 1415
194 1051
566 763
1266 1346
1073 1425
583 769
1290 1417
1391 1421
818 855
1203 1226
18 1382
179 621
1211 1239
290 1285
451 1410
1146 1194
94 1248
944 1440
274 1401
734 1120
945 947
41 1122
1349 1424
710 1044
749 840
563 1256
137 1243
438 880
1391 1400
1052 1384
863 1013
1154 1421
1297 1430
343 411
516 1039
298 1166
832 1415
95 414
391 475
450 876
349 819
923 1156
283 387
1228 1301
359 448
1301 1399
916 1257
259 1056
1317 1346
480 923
816 1051
919 1154
686 740
780 1069
1115 1264
439 581
396 1372
563 1085
556 706
972 1384
434 694
908 1132
591 667
219 685
442 942
713 931
695 1409
674 1419
931 1066
1389 1401
779 1346
390 1405
20 1412
1396 1440
1241 1270
989 1066
318 410
1311 1413
34 1381
1205 1237
507 1417
490 684
76 782
492 587
1330 1411
397 1372
177 1110
963 1261
238 900
341 889
622 1244
1216 1345
738 1078
1100 1116
254 956
845 1064
1041 1129
1419 1423
7 1072
461 784
782 1383
761 1287
818 1172
