11003 5000 1000
2160 977
1263 899
1054 75
4863 351
1908 379
1784 507
1348 986
1070 858
251 249
4256 368
3572 71
1832 277
2348 245
1844 809
1231 25
1465 635
3467 528
1605 875
82 464
4740 367
4607 53
3955 85
4983 968
2156 108
2928 28
3765 40
1215 47
976 62
4734 199
3077 259
3737 488
2097 864
2416 295
2011 860
353 844
1265 715
3703 871
2014 247
3959 700
3986 290
1829 918
4219 136
4070 641
4125 871
3599 646
3682 71
1565 364
3652 307
349 359
1058 775
3432 5
1855 629
2973 550
499 222
2434 232
1088 840
2173 737
833 412
1391 818
4115 173
1041 603
2374 31
2407 76
2006 954
3004 546
3396 628
2104 282
2348 147
4705 416
3974 723
1542 166
3640 55
4078 623
387 33
2458 310
4324 697
1153 276
4251 638
750 9
3266 461
1693 15
4666 615
859 238
2154 493
1721 141
786 998
3351 167
4734 812
3128 64
2361 457
2113 326
4073 956
4840 24
2322 279
819 497
1255 817
1511 620
1427 713
3383 775
983 242
3391 606
3835 736
1214 173
1494 347
599 835
4912 284
2472 531
3426 372
2318 22
4786 553
3440 311
668 271
4760 190
1820 205
1995 405
465 588
1869 852
48 339
3726 416
325 38
2907 257
585 103
645 444
3038 362
540 749
4524 901
1601 395
266 459
1772 533
2018 987
2156 370
3542 770
3899 945
517 445
1326 672
589 961
998 551
1699 61
2430 298
230 828
4725 309
474 50
1428 195
3824 61
189 166
1161 109
968 956
2892 27
556 759
373 799
1221 272
267 226
3343 614
1037 7
943 323
1213 633
2457 458
2556 323
242 20
4679 228
3148 259
2802 235
1594 239
414 628
4708 800
2349 921
1569 641
2917 337
4644 990
146 443
4336 490
1687 209
3899 523
300 581
283 776
2113 972
2899 276
451 629
1467 362
1850 87
13 422
4000 782
4314 28
1460 252
3042 917
1778 89
3387 615
4262 651
968 891
821 384
4395 837
4193 943
3064 323
2331 174
3254 604
596 784
818 603
4218 962
4758 862
914 406
3339 270
1340 488
2755 452
3198 347
1642 845
2117 160
548 116
4109 378
2270 26
3666 373
2190 567
2571 529
3392 418
4496 151
2205 578
1507 918
1077 791
3402 126
1195 150
420 203
2449 268
4109 251
3772 52
1537 352
1853 821
4352 936
2214 936
880 876
2480 574
206 521
2796 534
3112 709
4269 554
3953 179
1234 102
2072 893
4047 571
1381 181
3606 918
1741 742
273 849
2313 894
3728 164
2762 20
2593 689
3433 743
987 879
1627 775
2714 279
4836 416
4183 601
3130 330
828 882
647 425
849 65
736 342
1968 61
797 126
4752 707
1851 722
830 659
677 718
2500 556
744 809
2390 529
254 964
3138 817
1630 883
3255 722
1992 566
4402 57
4504 326
3841 715
1071 724
474 654
1474 358
1084 985
1312 470
3097 466
2561 502
910 549
474 460
2427 402
1767 627
3000 52
903 224
3854 561
3735 983
2963 262
3191 151
3457 434
994 945
1937 541
3894 576
3007 117
1773 145
1752 521
2363 202
1487 26
244 377
4322 460
2533 729
652 405
498 593
2645 743
2253 672
3706 805
1125 291
2011 8
303 954
2660 469
3239 315
2673 575
4285 217
3795 189
2901 961
3268 28
63 592
2646 927
621 732
2 318
4576 202
682 441
2265 187
1147 759
4693 850
2321 861
366 833
1987 180
4210 479
1277 277
3992 454
3974 889
2126 21
1834 498
1661 171
1931 859
829 403
74 297
3565 379
2135 724
164 941
1393 213
1945 917
838 691
4244 151
1027 165
357 762
1404 111
3586 600
1808 558
4801 328
3351 641
2133 123
2395 632
3008 53
568 479
2430 695
2629 282
3952 282
3074 400
2549 397
1396 37
2971 795
1488 170
1502 630
3836 297
4385 899
2880 177
362 741
3521 324
2288 169
1233 702
2554 446
1643 945
1657 213
4913 567
4901 657
4168 119
1503 910
887 443
204 52
937 396
31 381
4983 865
1195 383
4563 910
285 315
2938 903
4792 485
4388 740
1220 791
4334 799
4426 864
4461 77
395 521
619 380
4979 274
4547 909
4647 27
781 443
3541 46
2084 287
2600 389
1608 912
3320 337
1160 91
3213 919
3117 268
407 46
1372 692
2892 224
2418 842
3646 108
4164 895
2017 102
4477 663
4927 271
1595 164
3759 132
4903 828
4521 283
4507 303
1983 502
695 728
874 724
3459 414
1245 297
1035 682
2798 439
4034 331
4453 122
4086 964
216 328
3095 781
2137 842
2520 280
271 524
2495 484
2091 979
2655 619
2369 122
317 110
4473 571
1874 714
2345 499
3921 352
4492 389
444 430
2629 920
2354 757
1861 994
950 535
4752 871
1381 207
1137 44
492 384
4224 586
225 687
1824 412
4750 286
197 733
504 654
3988 354
4787 636
4777 571
4309 447
4628 993
3355 295
1864 142
2201 178
2374 398
1903 317
1011 223
1595 172
2273 629
155 458
2629 509
583 556
4920 248
2481 635
3750 781
1156 67
4749 830
2819 561
1358 629
819 508
762 902
1384 490
30 730
4467 413
826 197
4565 134
3851 631
4936 960
2991 181
4817 578
4948 325
73 524
3887 215
4688 272
1365 148
2577 450
4739 299
1368 196
2138 116
4063 578
3058 530
3892 229
3524 359
1754 334
3032 382
3240 164
719 48
35 986
1128 745
2672 873
1339 352
1236 789
2055 667
57 617
1753 452
4277 999
4658 971
2320 206
979 698
740 249
1318 965
3291 619
2827 408
3691 856
4289 23
706 276
2735 921
4244 614
4543 365
1468 259
3103 512
3729 156
3527 285
3812 104
3346 469
2053 821
2094 69
4771 682
3715 166
4743 717
3457 789
4666 910
1358 799
3124 274
1241 21
621 776
149 712
2433 721
1948 979
547 571
1183 7
2078 683
4249 452
1153 245
2605 766
3345 728
2643 507
30 136
1759 342
3572 358
405 527
2305 517
174 110
4772 46
1609 162
1681 43
2187 698
4599 832
394 125
4874 850
4637 687
402 44
4488 673
2905 305
4715 907
4276 750
3237 673
3668 21
2565 662
3987 437
2794 870
3843 242
3614 670
3826 595
103 384
3461 186
2421 114
861 111
706 62
3248 906
4947 566
2201 697
2285 718
3069 547
1370 920
817 550
410 922
1114 950
2729 334
1302 718
847 618
1364 249
2134 683
4599 299
669 404
1017 618
1699 112
4586 38
2878 954
1701 622
1762 828
136 330
2538 504
4686 631
3545 42
3968 957
1736 955
1230 422
4152 449
1120 157
3577 143
1898 498
3601 348
3912 18
3298 977
3698 177
4521 162
4231 825
2218 225
2464 492
531 977
668 833
2278 74
759 662
1175 720
2113 826
1234 444
1838 406
2535 72
1843 600
1582 379
4517 706
2643 266
3 730
3169 941
1527 339
767 844
2715 398
2254 397
1672 47
3199 698
2994 514
4852 130
3718 163
1306 579
3500 776
1521 730
3414 591
3222 234
2252 606
2065 204
941 419
3928 794
2433 74
4272 924
1828 884
2953 672
616 520
1245 814
4057 32
1037 271
1935 452
3188 943
273 432
971 78
992 302
4806 323
3698 422
4215 700
3173 371
4646 725
4077 980
398 266
3076 846
3117 354
2781 761
4249 180
3396 730
3691 670
4603 758
4274 693
828 10
554 579
2112 980
3357 144
366 639
2239 873
1624 162
1591 145
1357 198
1984 805
4112 911
4099 626
2383 955
372 443
4869 241
3533 595
870 660
1069 870
4693 952
3543 863
3679 468
2333 1000
2206 742
4078 298
2406 942
1916 933
1680 213
229 108
1501 967
2585 97
1422 478
3685 868
1088 708
146 330
4045 776
962 971
1274 675
2161 809
2160 971
4722 646
3145 298
245 510
2630 858
645 387
644 224
3996 489
3463 667
2069 348
4714 695
4036 187
4771 851
2449 163
3833 482
2897 153
3562 131
4706 799
3675 390
1053 312
2291 489
2877 663
3354 742
2096 267
3890 717
4353 462
2689 717
2851 864
897 104
1170 960
2899 8
1597 287
253 834
325 109
3771 591
972 578
1512 358
3992 532
3513 987
1997 366
4115 129
4610 800
4860 504
1039 70
1345 955
3751 270
4874 41
2940 259
1677 152
2216 150
213 361
446 329
4476 986
3238 47
493 962
1709 819
1483 463
2402 313
884 596
2063 895
1199 338
4446 626
1128 803
1474 704
3256 261
1434 194
2861 731
1133 524
466 136
687 500
332 566
4018 30
4743 664
1590 353
2009 482
718 135
4430 362
4966 495
1606 823
677 111
715 155
346 462
2728 509
4678 627
4265 498
4797 354
2197 452
2524 878
4651 879
2364 651
4210 272
4152 936
1686 375
3572 173
1284 909
2927 381
3369 445
1419 697
1307 551
2643 443
3720 253
2334 957
219 742
1043 993
2685 688
3309 541
111 487
1119 759
4063 774
1145 401
4104 381
4701 977
2809 581
2014 985
1990 307
248 445
825 585
1970 247
3625 556
3891 662
3383 489
299 82
128 353
627 638
4485 472
4672 980
773 108
2515 228
260 801
1222 193
1142 462
2031 387
1339 598
1367 749
2151 446
4927 350
2679 526
2461 595
3417 335
3880 368
612 419
2549 354
390 743
1792 746
162 27
3309 738
4490 332
3149 896
219 617
1452 523
215 667
3284 160
2467 209
1339 578
1787 912
2159 381
952 896
106 824
3183 580
310 658
4842 457
4101 213
269 638
562 481
3838 655
53 987
78 664
232 839
2666 530
1434 29
3109 731
1272 20
1307 702
343 927
2374 122
1112 86
3287 892
1388 17
2790 333
722 542
1174 714
64 744
2294 113
2801 247
303 16
4106 723
2300 693
2574 566
467 11
3618 40
3677 450
4864 594
3788 115
2529 165
3390 804
4434 612
638 443
1274 776
4950 969
3314 208
1800 236
1098 652
27 595
1640 698
2362 787
2079 772
535 444
100 158
3581 167
4710 455
3153 885
1509 670
4607 22
4258 114
4887 428
1124 383
4530 62
2121 963
2064 222
1524 273
1519 912
251 709
4591 940
1162 456
4187 285
2225 6
4980 755
1976 977
2873 808
3122 404
2234 189
822 598
4017 68
2456 290
4143 862
899 746
3696 104
3149 615
2832 976
4708 726
3910 632
1381 729
4365 93
941 429
2175 13
496 696
3219 476
2692 745
792 705
2636 206
2975 902
4199 247
1902 12
2581 954
358 197
4287 545
1879 767
1027 893
2611 125
3357 198
560 997
2782 592
4686 519
4461 747
3080 509
2704 788
1487 457
828 890
1627 321
734 409
1246 107
1128 351
1074 56
4080 334
2080 371
1006 922
3765 949
1189 401
3312 580
2051 909
176 483
3371 603
1242 107
917 442
2212 181
1825 329
2028 311
1676 282
4081 868
714 810
3080 988
1247 87
770 354
858 695
3349 840
4154 825
436 744
4402 747
3714 734
2986 938
1096 511
2147 379
3897 479
2685 415
1098 170
2049 450
3105 472
490 824
4537 918
2478 51
2789 412
1783 261
977 305
4820 730
255 606
953 921
2307 366
816 528
579 495
4067 191
3426 20
1995 164
1806 950
3989 927
1775 358
482 395
2670 950
869 94
3716 486
2953 505
4330 62
4798 602
3914 43
3932 383
338 705
1642 174
3512 230
634 657
1695 123
2168 261
2494 675
1220 950
4502 715
2140 717
3210 145
383 880
34 229
4829 993
4731 716
2132 109
2034 545
2525 970
4954 263
3809 569
3410 713
4581 293
299 706
3779 481
1630 912
203 366
1870 554
1028 869
2624 378
1430 518
4428 564
3575 543
314 515
396 209
4158 759
1810 436
2182 558
3397 263
3378 277
998 252
1571 164
1977 924
2595 156
4276 709
3709 287
3489 808
2296 262
1566 56
4799 811
3273 742
2946 884
1110 835
7 779
487 308
503 593
2052 23
2497 553
501 578
2058 816
3163 970
1663 245
3980 668
3607 382
2255 54
4052 753
1710 832
1201 871
3226 971
2753 351
4970 103
4494 512
2881 418
3095 699
2308 133
1265 774
3098 685
3484 597
822 927
3602 310
665 469
3933 205
3111 647
3746 123
3521 802
3024 838
3243 122
4094 349
2862 214
4917 296
3429 599
2814 869
4771 5
1052 437
3710 879
4599 630
1466 12
4901 13
783 637
70 401
3963 873
193 334
3416 25
1047 364
1015 614
3724 719
169 867
3783 6
2107 307
4335 992
3489 103
2857 935
3208 23
1112 148
479 58
540 314
2871 133
3074 802
1631 467
4802 318
1929 58
1990 548
3588 480
1350 853
4222 243
11 551
4293 7
973 749
1438 542
2916 151
3611 139
2315 290
122 607
3304 146
1608 369
1867 983
103 701
3065 849
4057 763
587 857
3215 341
2328 114
2565 892
2597 447
2617 815
1918 551
2854 809
4135 712
4866 228
1863 922
1676 285
1094 482
1526 670
3321 960
2261 198
2264 223
3320 96
2180 873
2468 459
1809 852
2247 990
1091 985
3231 734
2027 799
2780 13
3971 833
3538 633
2975 738
2802 838
2290 901
3590 764
1660 596
3129 196
4671 832
628 250
574 640
1772 64
4675 935
4948 503
3136 65
2842 729
892 635
4915 539
343 212
4015 158
3781 418
1135 159
1471 136
4787 947
4727 480
4856 286
2333 27
389 616
2491 266
3600 767
1408 735
395 272
1481 417
878 27
1166 909
3082 769
3655 686
2519 688
3533 788
347 67
889 742
3756 623
752 596
3857 766
2148 357
1429 33
4246 755
4274 493
2478 941
2112 204
3904 532
3349 605
2935 225
2361 830
1319 999
4717 268
5000 949
275 194
893 747
360 305
631 280
2272 130
857 202
260 37
290 372
322 650
4285 436
3501 944
4353 78
4067 173
992 900
22 432
751 409
2579 452
3990 34
1464 361
3534 881
2500 742
767 360
768 704
2131 724
456 685
714 806
1625 150
177 797
3119 483
4538 686
75 560
3804 928
4006 125
1264 341
3044 460
1068 496
4594 185
2745 591
2598 545
826 561
225 67
196 679
400 656
679 838
728 401
4243 519
2069 782
3580 291
4261 402
917 42
1236 262
729 212
4064 301
810 560
3507 263
2727 484
409 623
2226 776
2092 802
165 811
3494 192
3429 796
812 636
1311 617
3450 357
1969 238
4025 285
4913 378
2910 681
2896 886
1949 25
4851 48
1147 578
3624 596
419 920
4458 706
3692 76
3506 114
3688 158
1181 230
582 714
1021 777
1623 761
4391 4
4313 436
3635 122
4353 324
4722 232
1512 709
4593 983
3686 990
2300 967
1222 524
1523 733
3384 579
680 405
1909 623
3356 871
4471 51
3932 104
311 705
4018 956
4202 182
1855 476
4280 718
2515 217
2665 742
4446 530
4677 701
4335 702
1757 405
2184 312
1382 270
1246 592
2913 309
194 642
902 969
4889 48
1500 592
4700 818
3590 426
3406 961
4747 244
4899 300
2263 113
3564 600
1681 505
4887 584
4641 541
3903 198
381 475
1685 42
3787 653
3730 849
1590 751
4461 31
1015 756
3370 112
3176 965
1949 329
267 777
1101 672
4725 560
3155 971
1968 734
217 707
2488 384
1474 533
601 429
2911 119
2554 809
675 248
2435 307
2139 783
216 344
1180 309
2156 360
4996 224
316 971
2658 779
1772 708
661 160
946 1
3655 855
4257 222
4272 517
223 60
121 26
1236 466
4900 13
4402 917
2074 396
2756 544
3045 322
2445 229
4255 167
4465 16
4347 913
4605 319
3097 766
4149 531
3552 79
4587 198
1938 863
3502 554
1891 847
2301 500
4876 531
2736 814
2830 48
883 876
2308 425
1167 887
2528 119
2989 47
2086 17
403 683
2574 721
3502 546
3541 338
2659 906
1430 794
2644 43
1518 672
4029 994
2404 821
4539 980
1540 886
2640 617
4850 227
1523 905
1544 506
61 544
3592 620
1064 485
3778 306
3940 746
74 591
4250 281
3312 805
196 639
1707 470
2178 842
2637 674
97 172
425 1000
4004 90
152 855
1813 719
406 790
511 153
2858 239
4816 755
4251 604
4449 401
3519 309
3291 687
3610 566
4684 979
1748 293
2589 291
2359 71
953 371
3511 261
1711 962
1323 205
2707 162
4433 529
3046 332
4519 169
3577 723
4274 4
725 510
1880 910
507 143
2383 533
4993 591
3471 696
3415 926
401 569
3842 930
4311 754
2309 64
1240 503
144 243
4741 961
834 963
4038 36
4909 518
4955 247
1702 764
1348 386
1559 494
67 381
2829 756
2617 961
1114 645
2094 559
76 45
3336 52
299 162
1607 347
4240 317
4086 935
233 317
2155 110
972 477
623 12
2399 510
3712 999
688 557
1260 806
1596 149
1051 26
4806 272
798 302
4862 679
4098 836
1053 859
3913 115
2186 801
1664 904
3984 695
1624 514
3658 175
3888 245
493 56
2353 801
4059 308
740 418
1431 122
306 808
2493 626
2645 260
3997 144
3244 888
3833 577
325 235
1229 939
164 688
4146 22
4586 297
3435 632
885 1
813 130
709 12
732 947
3616 971
4876 467
1803 215
4094 231
4574 824
2590 480
4897 323
2342 728
1535 402
3829 274
4029 919
4410 662
3935 600
1462 912
548 520
3000 37
3509 970
3547 104
813 262
4388 242
2070 701
2240 927
3868 283
4214 881
1162 392
931 274
276 680
730 243
206 993
2684 659
4615 49
3431 287
8 469
2143 585
2622 893
260 959
3789 811
2146 333
2067 152
4380 881
2109 63
1754 753
1347 371
1785 18
4690 987
1134 587
3264 633
181 257
2731 14
1944 931
2756 181
2348 120
4519 672
4004 141
4922 65
4971 39
2746 111
4126 658
1960 430
1020 160
596 838
204 708
3431 973
3257 595
2985 330
2835 379
3606 85
3249 636
2758 495
4985 820
4428 549
925 963
1567 82
970 354
244 535
1861 535
4460 207
3551 546
3739 304
2909 608
3414 802
3038 774
3322 684
1840 272
1784 882
3636 639
269 64
1838 597
4159 904
4183 934
2220 639
2450 563
2678 912
2568 14
2608 931
1982 314
3650 478
5000 665
2956 169
948 157
4216 547
2336 814
3738 233
1986 735
2892 498
3759 504
2860 608
1149 84
4200 427
310 759
4897 271
3697 17
4676 361
2114 589
2856 335
124 167
1742 895
2940 843
3950 523
1775 680
2268 383
4581 839
1810 446
4237 511
2591 508
214 628
2453 79
1580 280
2964 619
4208 371
2344 174
1770 274
1512 193
865 203
4361 222
2100 404
1912 853
3302 903
1409 340
4131 556
4097 842
2170 714
1469 25
79 783
3697 307
2635 982
4151 399
4869 617
4076 952
3672 347
4282 449
3864 849
1438 770
4023 557
1933 718
3834 338
2415 488
4624 589
4498 712
190 545
2804 668
2728 994
2869 200
2722 335
1133 519
2900 799
3448 335
3711 189
1685 286
871 515
905 546
2518 914
3333 454
1333 249
2135 845
2432 598
743 293
1357 740
2601 147
356 382
121 791
232 60
2140 565
4875 164
4979 321
88 454
4894 227
1588 957
2621 990
4307 989
1383 737
4573 500
4629 871
4398 904
1265 402
3121 410
2982 974
500 516
1678 679
102 777
3830 297
3499 512
511 251
1097 832
976 633
3424 133
2542 44
1945 237
1166 333
3420 303
2399 959
2963 575
583 953
1217 511
2276 687
3883 799
4076 674
4359 425
467 116
565 945
607 418
4473 409
4169 659
963 805
2843 446
1389 773
4793 926
3694 961
2334 598
3539 383
3581 912
3708 968
1852 828
3962 918
3620 236
1559 710
1690 167
146 741
180 894
4250 1000
3606 354
4917 936
1999 368
4078 934
4289 996
2631 488
1887 396
3188 612
3965 878
4483 307
4639 662
3641 905
4750 115
2072 271
3503 520
3950 335
178 25
3927 188
4283 209
3555 132
1684 524
3969 996
3460 425
727 993
319 511
2134 695
2992 957
1412 828
1872 239
2839 256
2481 768
300 251
971 676
4451 318
2969 720
3369 410
3408 983
4085 804
1840 966
637 859
2843 3
1180 83
2232 175
4335 805
373 943
3639 153
2798 365
4058 387
1195 695
2235 869
1877 194
285 198
3343 938
1110 230
3960 785
4736 926
3958 1
1408 793
2269 742
884 438
2191 493
4180 798
4849 295
1195 762
4014 964
2799 911
4229 189
4044 434
4217 856
688 922
1125 568
754 974
3140 5
1852 415
2435 687
4799 628
3811 60
910 738
3913 437
4923 27
4905 377
4628 450
2690 554
4577 437
3543 739
3469 921
1535 637
3595 743
4531 612
3596 7
4071 446
2859 556
131 847
3653 116
3622 774
962 485
4192 494
4088 903
2172 745
1041 984
274 270
1010 152
3505 942
2558 373
2755 531
1124 436
4093 990
4314 161
1610 55
114 264
1386 38
264 766
2404 604
509 891
4508 936
630 394
4901 338
4433 747
4043 877
827 962
169 553
2103 878
3705 834
1049 468
3647 515
2026 373
3910 787
269 827
3453 674
4532 867
793 426
3458 414
1347 919
3399 530
1163 786
4116 747
2822 614
3839 307
3326 679
580 540
2453 124
1573 536
2026 111
4841 604
2351 294
3655 281
4105 310
3659 504
4617 919
2247 507
3940 171
1463 737
2506 749
742 816
4330 215
3596 221
1181 16
3945 257
197 717
566 17
3683 630
3833 776
1429 317
2224 206
1874 67
1702 173
2093 563
1082 917
315 872
2438 924
1502 419
2885 322
248 268
1665 659
2383 929
504 460
3797 443
3511 34
785 594
228 426
3501 181
1755 834
3964 773
1730 236
1746 525
4960 222
86 965
2678 55
3198 222
3193 949
4576 689
4914 346
2956 860
2130 222
3453 176
3769 400
4202 551
3475 742
485 218
606 83
1454 546
4036 715
916 94
4091 869
1489 723
776 809
698 740
4905 771
3725 188
4076 324
2483 910
439 933
728 396
781 681
4845 210
911 653
995 963
3505 809
974 742
499 79
1415 618
75 500
4718 847
1435 63
4495 984
20 916
1694 302
362 260
4732 96
514 509
593 99
176 969
3201 454
305 684
796 525
42 764
1850 438
2770 861
2319 253
2736 68
4042 805
2026 117
2294 175
3371 665
1489 761
4216 76
3930 285
1870 50
1797 364
4186 209
4038 159
2081 268
450 470
2740 715
688 366
4476 456
2357 277
2631 76
243 453
2511 515
4125 376
444 670
3887 206
3041 857
357 261
3468 997
1026 40
2781 4
3033 508
1054 643
3603 460
464 163
4572 298
839 795
625 34
1395 4
3143 253
3821 502
4039 781
3347 76
2453 853
2173 61
2911 116
3812 625
4818 878
4102 505
2945 861
316 624
2926 258
3952 540
4071 279
2385 781
4196 213
2642 310
227 172
1853 557
3635 56
4685 451
2444 687
4878 450
1746 408
2114 909
475 878
1940 843
3641 313
3809 438
4200 202
441 484
4571 344
4503 230
3332 202
590 488
91 666
399 501
2982 459
716 499
4354 482
3207 301
1132 482
3545 946
3251 630
4747 833
690 699
4399 256
3261 499
3775 650
586 86
2204 387
1257 461
1575 50
3108 258
4691 249
2152 565
2216 878
1823 392
4458 227
164 71
1437 105
848 148
1 104
705 471
2998 836
2710 879
3435 697
3055 136
3362 940
1389 639
2339 605
795 987
3275 257
2310 175
2784 158
2594 341
4185 41
1773 681
4390 572
713 303
1975 971
2338 388
3924 638
209 511
1991 732
586 819
2253 974
683 570
3033 528
1779 912
4941 631
422 16
1992 672
4101 624
1652 181
1170 697
1557 402
1144 12
2127 581
3255 704
4481 92
4486 845
2170 392
2851 592
4878 155
128 624
485 612
1515 340
4847 411
4535 672
2639 941
2004 833
4697 614
2851 179
398 1
4777 450
968 787
3352 943
466 337
3545 836
2204 721
1976 559
2746 578
2781 912
1694 587
4732 492
1170 636
751 612
4113 48
3793 183
4390 13
2051 445
2885 773
265 888
589 495
1861 913
4827 987
1778 433
3150 268
3601 596
2472 799
857 987
138 102
2888 113
2043 412
73 27
2436 701
1473 287
2664 808
4002 685
2534 130
972 134
1160 78
1948 664
1663 735
108 962
3867 290
3262 876
4345 851
2997 694
2187 781
4867 295
2943 837
2319 108
3806 735
899 530
3787 608
3382 234
2700 273
1593 984
581 123
1773 927
3955 40
2379 672
792 71
2430 113
2410 180
4107 946
4335 772
2353 500
2743 856
2938 325
3124 512
2551 922
4543 5
2034 790
2011 779
4045 738
351 450
1481 635
2804 589
3688 144
4819 991
2058 734
4152 225
2314 150
467 469
574 613
838 176
4445 495
2056 512
2416 796
3650 541
907 91
519 956
2978 745
4314 744
1615 973
2639 142
279 598
2511 980
2077 488
3935 316
4042 542
4245 631
2563 857
1433 301
1824 183
3336 40
4405 18
2918 785
3531 535
1668 335
4236 362
3003 608
2253 50
4923 749
1295 854
4212 261
4404 764
3363 504
960 501
121 315
121 602
2862 339
997 585
1652 306
4391 387
1526 717
3465 503
1691 331
603 734
1432 565
792 799
587 144
1351 67
3764 850
3575 93
2332 883
50 375
1841 100
219 538
2403 537
819 26
386 669
4614 388
154 717
3119 296
2767 488
3398 771
3764 569
1673 870
1633 556
1184 90
1597 787
260 90
1671 632
3830 238
4477 946
2896 286
1402 163
3778 786
3818 2
3177 51
3191 718
3333 832
4652 552
66 959
3746 706
4112 327
2701 651
1933 613
3117 1
4498 106
2853 175
2837 954
4843 952
3595 288
768 465
939 782
3552 81
1164 345
4246 895
954 777
1428 231
371 884
426 249
2779 581
2313 6
1456 131
2500 293
1351 524
91 282
2145 532
3514 81
4313 972
943 296
1174 339
4635 629
4794 702
3242 65
3131 683
2495 619
3120 77
3783 141
1780 537
3046 17
2072 993
3971 614
1876 246
1115 961
4040 693
1874 659
1939 438
2044 547
3750 234
4690 83
1718 560
2058 397
2761 500
4428 253
4123 79
1206 785
3809 54
4730 467
4038 394
1008 500
2317 520
3359 718
2200 668
2211 546
3783 808
4655 888
2659 151
448 448
562 682
1517 371
587 365
2579 637
1273 133
2041 723
1816 286
1546 177
499 595
1669 524
945 260
1581 578
267 979
3166 650
2012 173
2714 41
823 206
1552 877
3572 579
3149 50
3194 754
549 608
3535 294
1263 465
3518 79
372 120
4662 571
3922 279
4688 721
4168 451
3778 746
4197 778
2661 642
2699 816
1332 610
1034 578
862 504
3068 474
3547 85
1387 626
2914 262
1757 260
1386 234
1359 101
4073 617
3806 371
3633 439
4687 613
2987 409
1298 368
3077 443
944 240
138 939
118 597
2930 438
3050 724
2149 16
193 62
4194 153
3424 129
1543 350
741 412
3308 774
3193 775
1175 445
4873 288
2612 147
162 261
2580 206
22 608
2966 751
4202 83
1327 981
4182 877
4490 444
3130 651
465 551
1339 504
744 120
958 31
2332 872
4347 612
2321 745
2152 810
3450 657
72 360
3389 638
2571 937
3220 575
3833 573
2038 327
2565 979
4164 545
3727 570
2429 296
4325 703
3608 443
480 377
3473 899
1905 878
4031 274
1118 498
876 480
3793 893
859 873
3562 581
4929 660
777 173
2459 724
4706 441
3192 717
1112 600
2515 707
3369 457
187 515
24 77
2192 392
4497 294
3158 554
4171 652
4943 399
4289 603
2828 494
534 840
577 548
3494 77
4671 206
4674 989
187 307
2188 944
3397 746
2591 17
2812 249
2956 462
2044 64
2598 491
3140 430
1563 835
2156 338
4286 365
2763 310
2326 800
956 92
2973 43
1292 90
2458 114
36 297
2814 274
4256 751
4314 180
2182 936
1118 276
3477 538
3322 266
620 362
4393 854
1681 396
3750 579
3522 750
1085 808
4368 828
4008 333
3891 649
4966 837
3383 301
4541 164
793 120
1094 712
257 324
3257 287
4071 455
860 438
2199 437
1872 225
931 51
1134 61
3005 481
4912 297
76 967
1200 565
941 543
4616 196
4756 941
4008 814
4774 90
4566 229
2780 83
1549 232
377 560
98 394
3953 252
175 97
2453 193
333 760
2394 576
3157 604
3178 714
4623 965
2673 319
890 591
4174 248
2737 711
376 554
4022 310
1227 717
3890 183
2924 25
4807 965
4571 763
4867 289
177 257
4752 481
3304 687
4022 999
3667 225
303 696
800 398
233 934
4834 973
4778 129
3306 829
1425 718
4955 574
2432 580
1267 285
1883 990
3483 476
1257 513
3188 935
2745 12
4734 691
2698 461
1332 747
4097 150
4402 426
462 395
1196 853
3602 569
3343 683
393 617
3610 703
3324 947
3714 891
3522 853
3321 718
869 266
2472 257
3100 570
1793 253
2545 621
1592 585
1510 637
1710 87
1350 192
4248 297
3698 271
2469 7
62 227
897 600
4937 895
1912 899
1631 973
272 19
2717 369
2144 78
2390 197
631 49
3229 202
3239 206
1281 176
4731 176
1430 525
1862 607
4960 494
337 866
105 761
417 857
1990 656
4506 488
3193 28
1339 366
197 138
1871 502
1246 832
1266 993
3603 640
4611 519
3954 245
1341 115
4809 675
1520 956
4555 223
4878 4
1831 57
3663 505
3214 230
2920 920
4529 656
1446 820
1491 849
1894 476
314 333
256 78
4479 479
1287 399
3559 609
4499 647
3267 946
2856 857
424 190
2520 591
1285 44
736 542
4496 764
1166 519
955 16
583 178
841 761
4747 858
3732 204
3221 322
1217 36
4727 696
4938 318
2834 975
3176 204
4757 934
2746 961
786 83
3460 287
88 746
4834 779
34 688
249 802
112 656
2488 979
3443 870
274 664
2587 249
3 813
4134 691
3419 89
3048 868
4852 817
3843 529
293 688
1325 456
760 529
648 110
4950 291
1538 259
2817 720
3403 64
1153 705
4656 949
609 346
263 292
318 780
197 251
3500 438
4850 355
4008 689
4241 706
2165 621
3501 15
293 415
4058 42
3182 37
2736 743
4046 542
4032 926
34 895
4179 63
2057 535
2575 172
4016 778
533 867
3577 297
2018 7
1924 303
2443 743
4597 778
610 565
4362 788
4225 125
945 279
3172 193
484 630
738 116
112 36
331 259
964 567
4126 672
808 900
1445 899
981 114
4171 921
2532 112
4678 178
2200 66
2720 609
1134 300
2571 609
1473 233
1812 16
1065 160
3156 581
2754 464
2951 761
4302 593
979 851
2987 234
1767 373
4939 213
2266 130
2567 317
738 730
3394 842
4623 185
1824 145
815 500
3543 253
3202 729
441 443
4867 492
2504 265
183 854
712 781
2773 645
4976 632
2633 203
4673 495
2717 349
1256 969
4524 459
4475 903
1134 998
1218 935
4584 434
4576 894
599 279
4687 912
4770 384
1158 594
604 279
4448 297
1650 527
3252 549
4388 617
1536 185
1553 959
234 155
784 339
3748 928
2471 433
4221 660
1262 250
2039 409
2279 883
1818 562
3120 380
4935 41
1677 780
2608 116
3337 578
1711 227
82 945
819 213
1932 702
293 212
4134 63
4343 922
157 180
3068 178
4897 528
451 715
2775 105
2832 509
3963 792
2851 858
4867 280
4739 279
4143 322
4939 725
4514 706
83 563
1517 141
3919 777
4004 562
2338 381
2383 756
3211 647
4698 909
889 290
432 631
3400 686
597 111
4588 749
1650 938
1737 563
2588 610
1047 434
1365 281
2342 567
3490 600
1485 759
4898 687
3378 97
1288 752
3236 820
1859 453
689 337
3441 566
2187 846
3263 803
459 746
977 801
2688 999
2175 323
2983 511
592 29
3496 8
1271 983
1797 150
278 674
4811 177
2828 610
614 306
194 837
3141 986
573 810
1490 631
3671 250
663 987
59 549
878 12
3404 273
778 334
4547 193
2695 228
3466 511
2908 291
4009 140
3086 148
982 164
4001 597
2937 968
3472 747
4612 585
1321 38
1041 610
1140 379
1592 450
928 170
2249 369
530 861
2207 590
4748 658
3917 457
3334 204
2587 42
556 4
1818 81
4222 670
4913 360
2928 325
4209 432
4319 630
1752 425
712 361
3955 239
918 180
2078 47
3186 486
984 575
1027 348
2616 870
1018 823
3210 363
3405 573
1358 270
2727 286
491 832
3009 618
3930 361
2632 495
2549 89
2074 627
3277 337
681 250
3332 162
4655 153
4326 384
4325 849
4040 260
1458 575
1165 633
698 108
752 961
4144 145
4126 338
3153 364
622 852
1755 306
864 850
606 53
2113 425
4969 719
2346 936
4604 298
495 11
2803 28
105 703
814 386
4983 527
3162 830
2788 918
4827 716
3832 754
3998 534
3055 640
2492 478
4002 595
4738 47
2499 115
726 376
3330 891
4524 920
2393 310
1732 17
2436 802
3854 805
3050 204
2766 971
1480 492
2351 661
2691 778
4207 954
3705 89
4587 333
4058 78
4499 32
3904 146
4129 946
3437 723
4618 742
778 519
2977 541
4972 529
1602 141
4805 815
1969 333
4118 600
396 603
4876 814
871 27
744 698
1511 856
155 560
4088 386
4909 576
2400 302
970 892
292 102
3461 849
755 4
2130 97
1637 856
4863 302
1408 159
2498 475
2133 203
1203 180
4499 499
3780 238
3095 228
4712 529
1325 956
1388 997
2922 192
1957 965
2398 496
3078 668
1894 802
229 964
750 722
611 557
1392 744
547 870
1812 869
2480 773
2579 187
1145 557
4543 720
4071 839
3267 635
3754 556
3608 818
3060 528
4298 880
1633 1000
484 623
3152 393
1196 970
3468 676
4427 764
2525 907
199 997
1425 723
973 977
4894 922
4592 699
2056 456
4187 598
3337 658
3230 174
4378 779
2244 132
947 116
3178 539
1417 235
3880 295
2827 514
3344 903
4602 586
3271 108
1708 26
278 931
3607 587
4662 5
4142 894
4175 198
1495 655
4577 932
289 394
766 123
2653 604
712 120
1929 686
344 325
1565 704
4334 679
4238 266
655 187
1973 973
1768 809
3553 120
392 402
4207 251
2885 514
2945 730
2297 164
3721 629
3112 845
3766 776
109 968
3572 820
1494 236
1676 525
239 561
2552 967
1197 477
2175 370
1846 700
1393 508
3599 923
3092 622
1680 954
4206 253
4365 444
3772 298
866 803
801 832
2973 504
3226 269
4612 601
3488 617
1548 587
2722 218
4248 990
2318 8
3541 778
2438 880
590 620
4224 186
3809 440
2539 144
891 708
3945 40
4582 738
2716 899
505 878
2224 400
1088 28
2080 38
3748 378
3956 906
575 676
970 853
345 720
314 335
1135 327
4872 577
4307 529
2946 228
371 505
2718 901
4915 577
4665 791
366 881
3400 450
1514 430
2032 95
1095 313
1520 503
1798 304
4515 215
927 143
1984 155
2479 506
295 628
3654 265
986 362
4723 309
54 985
4927 572
3151 748
136 570
4744 77
2128 917
891 990
4758 642
2745 576
4687 944
3368 83
4822 770
660 108
4266 252
3659 99
2689 488
539 479
2880 634
1351 394
4882 673
4114 556
2896 579
3974 162
4552 869
4697 445
1109 138
1649 380
3781 978
2724 209
3463 554
4095 539
3312 195
4650 825
3798 563
2228 413
4796 928
4609 977
1896 791
515 918
721 321
2223 165
1703 190
3423 723
4857 525
4740 17
624 130
3899 110
4691 839
3762 551
4255 203
1791 196
4411 595
4551 835
2252 248
3623 893
3663 425
3859 751
3131 901
3098 675
3900 161
1744 927
4451 775
3532 303
2906 150
3178 623
4039 894
1591 511
4923 152
154 444
2757 127
640 192
2406 241
262 629
76 8
2984 509
2482 65
3259 693
1772 513
393 566
4250 575
1604 75
4306 412
2487 780
1141 169
3939 913
2565 241
1023 145
3814 616
2311 825
2135 455
2461 556
3005 290
762 290
4411 888
2856 480
4540 844
452 798
2586 597
717 771
3215 736
4966 786
4882 85
2236 954
992 948
2658 626
4405 992
3707 449
384 862
3863 16
3708 233
3147 911
2769 901
4889 192
3434 576
1511 17
1105 305
2170 480
1952 130
1141 516
2862 896
1135 730
2791 76
3135 182
4772 339
3374 872
2885 308
1508 192
3590 307
4480 693
2029 879
120 542
3537 74
3795 317
3856 660
4464 987
3347 367
3479 143
603 800
4273 618
733 350
2153 616
2440 915
1897 636
588 454
3644 600
878 512
4335 250
3392 350
1603 984
4104 384
1296 1
2059 882
4923 690
2709 175
3045 225
3241 706
893 677
510 115
150 442
2672 618
326 345
3583 61
1470 737
31 310
38 942
349 595
3258 812
4588 508
238 383
4563 259
2151 305
3902 891
2761 979
2091 778
560 142
4946 512
2609 319
4970 57
2269 785
1507 896
2984 381
685 70
1392 130
810 125
1309 672
488 837
14 187
1380 118
4338 38
1280 525
3173 673
3588 643
215 309
4273 323
4746 852
4912 529
87 148
4982 929
22 396
3342 861
1182 701
409 955
948 919
1357 32
1168 775
1498 488
3242 613
1016 442
2154 522
2350 590
1298 187
4462 252
3533 291
3507 454
1676 974
191 420
4963 885
1890 789
557 718
3963 145
612 197
2661 468
578 733
1720 662
3693 817
1148 231
3469 447
236 464
411 545
1147 751
3263 935
1072 945
4846 755
2437 472
3007 121
527 703
3065 745
2595 366
3558 33
666 863
4991 37
4292 629
1002 665
1343 964
2329 409
4789 946
2978 318
1601 151
4142 116
2423 218
3045 530
489 145
2386 258
3523 985
325 67
3558 825
2743 585
1065 175
1836 288
1778 845
2870 951
3686 655
2938 805
2583 917
1340 943
4035 931
1399 444
1725 727
1461 805
2482 845
619 286
4468 829
783 859
926 595
3723 267
4451 709
75 817
3526 452
4311 597
4491 410
2667 225
2378 600
4019 779
4902 862
4842 597
1848 899
46 819
3781 233
2060 349
745 704
1802 589
3121 979
1085 465
3722 296
3857 200
4239 371
3609 761
4406 270
4986 667
3404 345
1574 238
4522 686
273 990
1320 508
769 398
4641 279
1055 118
1307 186
89 379
2190 519
186 828
4575 70
429 368
3265 952
1216 944
1497 49
3476 122
170 501
1444 110
4097 203
2985 246
4198 385
238 852
4920 409
117 349
1445 431
55 595
3009 603
4408 203
1917 523
312 86
4812 232
4345 244
2340 698
695 516
1327 194
3538 596
3543 659
869 967
2318 70
3973 492
4668 790
390 92
2376 152
635 752
3556 910
3423 567
346 552
2967 716
2945 680
1419 449
1071 519
1905 428
3454 907
4959 460
4506 499
2611 363
4044 600
3671 442
4805 712
1827 933
127 61
3189 340
2343 287
297 997
3730 480
3840 437
4548 548
214 922
2801 971
4446 725
2482 514
4035 16
4541 923
4001 811
4247 531
2910 413
737 273
2288 762
4459 882
2253 936
2931 402
1624 178
1062 159
4975 722
1251 862
3305 827
4348 964
319 749
3142 689
1281 426
620 166
3316 982
4140 623
2038 918
4864 993
2599 515
1788 729
3442 754
2631 125
2143 102
205 636
4572 413
743 931
649 531
4949 298
1762 369
1891 658
4408 616
840 5
4233 335
1192 462
549 971
438 563
3857 219
394 542
1635 80
1856 857
4159 804
2734 418
2281 248
197 999
3964 916
129 222
1744 644
4486 603
1991 454
650 994
797 847
1213 316
2640 507
463 166
2727 99
3946 24
3294 772
2206 13
3569 693
3954 224
3020 25
1315 339
1001 15
4470 974
4716 250
2951 734
4422 38
3863 805
1607 471
1765 431
305 776
4327 974
3719 50
4572 63
2737 729
2612 161
3671 192
1441 164
3614 814
2338 185
4981 515
1328 199
1995 727
3182 350
2465 616
1792 97
1056 46
1801 534
4094 485
2031 254
2210 856
2228 921
1448 685
3039 83
3324 358
3788 765
2702 30
67 612
3686 122
1128 332
2505 582
2030 114
453 982
2121 324
165 888
1113 132
321 96
3118 416
1082 559
3920 277
2867 232
2004 770
448 681
1586 590
856 710
1460 885
4191 295
2901 122
2318 659
3996 686
4718 791
182 691
938 396
4352 569
3514 904
3168 306
795 440
3091 179
2407 955
1586 581
4626 2
3212 63
55 967
1402 368
2660 978
2749 136
1934 307
551 383
4054 196
1309 982
77 105
2391 339
505 926
2175 726
2609 29
861 591
787 284
3976 656
2230 405
4629 459
42 759
2784 640
4513 716
3576 299
2469 379
4886 16
3387 652
3252 238
3988 264
1812 71
446 51
3803 225
541 72
3900 112
4797 521
4985 175
652 764
1849 120
3695 922
3105 978
2540 575
4540 935
2644 83
869 971
3707 437
2832 546
154 337
404 187
4415 99
2493 180
513 939
1037 855
785 481
2593 198
1313 197
4714 952
2304 278
164 93
1802 804
3561 630
998 789
3214 673
1405 158
2712 712
999 250
1518 500
826 514
1661 556
3287 354
3432 532
3743 519
2015 393
2511 61
2679 366
3630 437
121 386
4366 154
1996 723
581 74
1932 933
3063 745
348 327
2572 873
3762 997
2406 657
834 153
4600 801
3828 901
4747 727
2833 935
4600 468
2161 202
1737 930
4353 632
3914 567
800 262
4582 293
480 639
4306 901
1578 241
282 150
192 173
4424 315
2439 982
3847 507
3228 486
4665 938
3551 422
2395 990
531 193
4788 594
680 744
520 508
77 691
1720 49
3655 405
455 64
2372 13
1710 562
1252 698
4790 507
1704 42
213 573
4056 387
2699 168
4523 630
3240 776
4676 103
1711 836
2504 324
2923 985
4766 698
543 513
1795 994
1057 606
3410 491
1891 415
4672 979
481 787
2308 125
3598 69
3512 449
4098 275
4008 244
1874 617
3753 244
3426 62
4272 300
3323 664
999 749
1797 603
4258 107
3199 566
4207 468
763 716
3368 581
562 40
4401 152
3556 719
336 261
2096 187
4589 736
4914 281
1529 465
1649 224
1311 674
774 500
286 333
4434 53
4475 11
1674 701
3196 909
1618 781
3229 967
2755 396
3056 932
701 207
1542 628
4087 173
4740 685
3955 719
1271 619
4573 152
1004 899
3286 246
3436 224
3559 842
64 565
1035 688
989 313
4473 454
776 469
4068 160
1899 137
4927 596
100 102
3073 44
2499 781
2842 500
166 57
1453 270
2812 888
3171 608
88 664
3314 79
4964 998
2728 88
3055 48
4486 117
429 977
4120 373
225 295
1146 412
3372 127
2456 698
4782 375
979 644
2046 133
4092 888
3852 504
1233 227
3894 546
1201 688
830 287
4973 977
2943 539
3962 708
1915 400
4606 936
1545 533
3589 818
562 750
3409 870
668 840
1518 818
4176 3
4940 516
1174 802
659 878
520 980
4119 696
4825 720
3272 963
2773 227
1296 498
716 887
4340 980
120 543
2893 971
3185 100
1319 847
3499 842
1730 724
3924 519
3262 958
1881 783
105 315
560 143
3348 468
3441 447
2554 911
2195 336
100 66
255 993
3084 701
2929 849
4278 815
2952 464
4319 954
1877 954
344 41
366 338
1479 630
3153 882
4600 498
1176 163
341 622
729 909
1517 883
4148 649
3988 643
1252 668
623 838
2860 62
884 193
339 43
330 462
2094 444
249 781
4595 131
53 738
4183 924
2228 681
239 514
1231 895
1569 313
2082 901
135 918
2085 840
3760 477
3248 901
3175 843
4766 23
113 62
3982 344
4705 396
3311 751
2814 592
1850 443
4126 961
4841 100
2263 7
4673 635
312 656
158 670
4810 458
3217 811
1004 13
4507 699
4767 855
814 747
2157 213
3683 650
757 560
2742 232
2932 665
589 126
4663 817
2358 315
193 157
1576 594
4246 745
559 67
4335 532
3417 662
302 624
886 280
2452 230
1389 330
3620 740
4041 800
575 573
1266 342
2511 348
4668 930
227 253
2309 384
3688 584
1576 785
3099 243
3099 931
874 200
2358 912
4280 199
807 770
76 456
2258 849
1259 871
736 281
3436 561
3889 381
4323 279
3163 617
3975 27
3375 299
588 370
3947 814
4145 883
4795 737
6 645
536 308
3956 545
3708 645
3532 311
1855 452
2880 525
1711 522
706 862
720 519
2984 247
871 776
4613 631
1674 5
1089 920
4739 809
1616 499
647 561
1877 440
1085 361
3216 211
3152 491
79 78
1218 541
4751 193
2122 565
3922 709
3722 623
4801 677
2407 548
2804 527
4658 59
4717 64
350 978
4504 792
1798 504
3581 257
2428 434
3660 183
3261 793
136 717
3907 559
3497 569
2793 739
4372 851
719 83
1447 411
1298 980
4860 935
4353 858
2892 400
2440 687
4514 785
1559 163
2096 691
1099 630
1266 430
3228 692
2609 52
678 327
1918 139
1823 765
4983 722
4594 347
3234 481
2739 680
2630 474
2327 890
1982 31
3867 984
445 329
3270 550
3155 141
2345 625
312 432
4654 413
4198 34
1290 691
4532 120
55 382
3833 480
1582 998
691 811
4451 297
4552 87
1105 171
4500 296
3033 1
3214 658
3599 394
1030 955
3776 701
3843 688
4903 358
1379 162
947 401
4772 295
2378 618
3644 272
1157 384
4906 425
4110 295
1888 620
2158 833
3379 62
3282 888
2211 271
494 603
4105 912
4729 709
1160 703
834 966
3651 566
132 380
400 67
1465 604
658 529
4702 493
2441 202
2026 644
3886 426
1061 431
3325 795
44 870
4609 868
4657 132
2761 250
1724 506
1273 920
362 557
878 787
3912 524
1518 132
70 94
1133 395
4148 683
4349 573
4369 347
91 636
1818 129
4874 639
960 206
4157 456
4585 862
1805 577
324 142
3401 408
1641 25
3019 471
2843 462
564 544
3895 566
2559 942
3035 26
2203 702
564 197
3484 39
4370 587
4833 852
886 982
3332 309
1007 479
4475 562
1061 102
1052 531
1585 216
4319 77
4163 492
3033 540
4028 165
2404 295
4228 213
542 543
2191 911
2542 787
3496 632
1882 754
983 565
4014 597
1975 300
4538 99
1555 791
1282 333
3310 701
1151 160
120 378
2528 6
3048 932
3747 80
199 896
183 619
1133 462
436 715
2522 694
2017 353
3843 34
1997 333
2004 662
4907 263
2907 111
2996 744
2276 284
32 108
2158 661
955 426
625 56
1988 181
4144 865
681 995
1228 775
657 890
3704 977
2591 502
2212 71
1792 931
4119 847
3082 543
2910 581
1825 270
740 882
1878 968
1118 723
3932 536
1331 46
3077 598
3655 173
4238 680
3554 27
268 187
2503 693
4982 859
621 414
1804 564
3630 559
1856 545
338 20
4825 69
1664 158
927 660
1954 481
1415 769
2888 462
1296 797
2810 669
2423 930
3950 65
4466 252
4001 664
3234 315
930 357
3176 466
4476 408
2434 823
3275 613
615 132
2750 865
3039 829
4955 642
4744 112
160 618
1751 512
2464 49
3556 241
4385 310
1501 238
4326 563
2406 444
2744 400
1242 723
1152 117
4936 269
3228 52
1297 533
3290 446
1616 706
3935 212
829 953
4417 345
3085 96
4434 695
4696 171
3554 702
3994 888
346 993
2959 802
3437 749
4859 409
4462 764
2689 329
2932 816
675 630
3654 655
935 461
2533 890
699 771
4559 237
3643 660
1438 691
3864 764
2602 639
550 47
1907 850
2794 891
1994 225
1866 675
3073 645
3540 509
4468 967
3877 934
4889 851
4378 378
826 89
2063 203
3181 764
3715 643
4795 845
1373 282
3578 307
2510 232
1456 26
732 270
1143 715
2251 772
1991 842
3676 959
2556 777
1798 814
1433 651
356 65
1174 726
47 354
3442 885
4630 532
3141 215
3793 193
1354 103
3660 564
3581 340
1877 2
3278 123
1080 647
3463 491
1287 901
2933 513
1813 982
4130 933
3087 449
2477 576
3397 550
965 25
3005 936
4354 657
2729 654
4055 372
4417 432
1275 715
1390 53
3628 321
3002 963
1165 734
3680 354
4132 919
332 688
2452 437
3061 336
4413 345
3831 772
397 102
2923 503
346 960
790 801
3422 967
1428 108
494 823
4719 534
2830 901
1245 772
4142 428
1925 893
165 170
1700 699
360 235
4941 962
1235 723
3443 656
3573 28
1088 342
4488 101
1468 782
1129 184
4051 862
680 628
2942 976
2889 898
3882 774
3360 847
1007 256
387 477
432 872
2853 965
698 564
3360 632
3691 845
4201 748
2065 372
1022 702
4457 192
4543 693
1172 978
4616 108
3991 919
2718 193
3121 671
3902 564
3276 297
3256 129
4962 511
3535 669
3874 368
4612 803
1338 430
2569 811
4663 705
4245 160
3504 969
1578 513
4667 934
164 864
400 112
2089 944
3496 998
2819 212
4485 125
1308 852
4816 87
257 505
4206 279
1194 115
1368 756
760 469
3952 29
409 576
1820 844
2383 946
2069 723
198 360
4060 326
69 260
1823 254
261 853
1432 979
418 369
3898 977
4862 505
1427 352
901 28
1096 568
379 917
1238 241
2824 69
650 597
986 46
3050 315
58 597
2806 46
1715 296
3435 428
2945 873
3521 671
3800 501
3682 46
3360 89
167 115
737 904
4739 574
87 444
3075 687
789 715
1314 969
1162 877
3608 589
3450 423
2285 501
4111 965
4418 720
1001 424
3518 594
422 77
1451 416
3640 813
295 781
1777 681
4517 786
1845 184
2334 383
1374 49
1774 528
4359 525
1093 740
2534 68
4067 477
1013 357
2088 968
3911 329
674 237
4796 192
4787 707
2141 905
1882 642
107 954
1206 708
1795 87
1542 143
2531 257
3236 801
1436 552
998 272
3239 122
1018 909
3494 691
56 510
2417 694
2536 814
1605 553
3796 725
3912 335
2767 938
3600 712
656 343
4336 734
3039 317
1491 36
1460 48
706 730
3135 910
4193 352
4946 82
3702 751
1320 331
3603 557
1442 149
635 301
4078 398
1579 671
4315 411
4602 519
534 262
4896 695
4443 438
233 790
2066 120
4394 877
371 941
2333 616
2680 726
321 948
4881 821
2392 282
2501 863
670 710
3482 744
4043 832
3448 337
1598 309
4861 863
1971 689
1678 979
733 40
1102 621
3148 629
438 572
4437 349
300 554
2699 318
4621 651
4941 917
2845 295
890 96
2321 528
4222 834
3572 535
1688 430
2510 293
502 1000
4097 212
3561 677
597 936
2300 307
652 553
611 228
4507 969
717 80
3058 601
3018 486
4111 989
964 709
863 927
2220 761
3904 99
88 862
3742 772
4279 509
2645 52
284 932
1904 229
3715 855
310 480
2857 820
2571 353
4564 872
805 982
3485 444
2328 828
2393 160
1839 438
544 710
4541 989
52 660
3475 504
1794 596
3961 930
173 665
758 688
3519 855
2985 17
491 288
3157 96
2135 430
2358 570
3145 64
931 28
3740 605
1141 607
2051 171
3659 37
3592 507
434 24
3963 718
4579 387
3780 777
395 807
2545 398
806 315
1352 401
2079 304
1356 951
4204 480
2537 540
4473 278
1186 11
3153 146
3902 541
4362 740
1645 342
3768 5
2436 606
1049 739
1829 637
1617 931
951 588
1170 180
3522 872
1110 497
4889 458
1392 274
246 29
1924 650
2507 826
1188 774
518 186
2863 66
4837 925
2264 299
2352 695
3007 358
4825 145
1861 849
1786 512
1583 896
2055 994
76 862
1722 816
3433 777
433 926
3118 405
21 683
3107 444
459 258
4606 765
3125 65
3564 437
2033 90
3843 974
4036 377
4651 140
3413 514
1926 542
3397 724
3218 452
1310 883
4231 603
1211 750
4891 436
1754 268
437 301
885 920
2282 934
4741 527
2996 315
4777 215
37 270
3331 508
3141 288
4526 660
1592 786
2252 563
433 13
2140 930
308 151
3972 117
1751 983
4715 167
2873 302
4655 29
3607 955
3882 835
2640 111
4047 891
1794 847
3140 86
1708 696
2050 373
2272 940
2784 272
500 550
2652 643
2830 302
2483 28
1484 62
1385 233
3941 392
4010 799
873 18
1322 728
4373 978
303 216
1918 340
4814 791
3652 824
1818 824
1480 235
4876 502
2896 352
1206 407
3778 835
705 162
3933 14
3380 968
3520 949
4668 771
3567 500
2081 102
2815 393
2925 18
946 327
2959 600
1001 873
4990 366
1068 973
1323 612
2025 225
2974 477
2350 466
450 240
1269 821
3189 11
2378 43
365 535
4108 959
4272 531
4674 894
1012 893
2933 362
3169 557
2489 664
4045 89
1888 763
3119 120
3143 271
2259 794
994 469
4563 262
2589 230
3927 831
4915 848
386 9
4247 586
3264 506
3263 941
3072 896
1574 840
4323 308
679 523
3206 73
4263 579
382 434
495 959
1701 509
1165 698
839 881
3527 254
98 33
256 756
3549 826
4303 878
2496 795
842 296
4000 403
2078 613
1354 494
870 582
2277 564
1531 633
4378 609
1656 132
1505 712
1294 434
1727 926
317 241
2925 151
914 879
3755 196
3257 816
1647 448
2090 229
667 75
4661 899
4948 93
981 752
1792 964
4765 430
321 559
2767 623
4748 839
2806 334
3661 8
3751 252
264 141
2179 789
868 295
228 533
1850 237
3633 862
4747 361
3282 514
3716 230
2291 761
4262 779
2856 280
3870 217
2108 603
2577 495
1473 434
1610 132
2257 42
527 263
3122 634
522 737
4156 402
4926 767
2745 852
4763 284
4026 345
3420 736
2577 885
133 679
3475 122
3526 321
2270 295
1336 670
607 290
318 103
801 581
3855 733
4358 303
993 268
557 747
2672 960
1035 134
3317 293
3230 842
4203 101
3261 761
4216 538
4337 899
270 490
139 306
4627 325
37 672
4641 608
2787 562
1459 203
3433 947
4344 263
1435 960
2606 978
2375 227
1263 545
45 337
2133 540
1197 703
382 102
1201 668
3877 754
2581 130
4430 465
3704 178
3508 596
3673 260
3365 982
1920 171
3417 383
2344 287
1836 548
4233 993
773 942
1868 761
4479 395
1729 574
3551 101
117 580
526 748
3153 116
3308 233
2709 753
3504 202
3953 178
4643 405
2732 288
4270 560
150 242
106 482
4793 358
2613 907
3689 624
2769 871
917 940
2291 514
2617 877
3358 989
1251 61
3634 782
873 995
986 70
4830 379
3763 946
1778 943
3870 429
3681 272
1178 850
218 572
162 96
4240 808
2245 198
941 459
1702 277
2544 175
4530 535
1685 712
3292 563
1553 580
894 411
1187 388
2847 191
2321 882
3083 934
1260 834
4797 26
2886 868
1802 554
3114 874
787 64
2530 630
3459 169
1728 382
1362 297
1738 935
1632 330
4391 34
1032 502
198 125
3601 816
1184 576
4703 181
3223 819
4321 24
2517 155
3279 985
3059 678
4629 261
1507 886
3352 134
1086 960
1619 679
2006 378
2603 488
4898 940
4899 215
352 425
3037 652
2186 217
3620 453
2597 836
740 321
2408 856
1000 238
1700 983
2995 206
2376 709
3641 40
1852 972
3021 835
3435 921
2126 394
3736 618
103 649
3639 574
1317 252
4622 572
3836 867
1704 603
4941 381
1906 808
2503 86
1782 452
2971 473
3977 29
1837 834
2897 302
1429 938
1094 980
4667 46
2613 52
546 630
3757 29
461 521
3684 346
744 187
3772 751
3113 734
4366 141
778 824
4040 581
3167 160
3494 853
3017 99
1448 521
1482 251
1604 160
162 271
4805 386
338 378
4055 88
2936 160
2217 280
959 360
2862 425
3973 382
4985 707
4449 67
4996 636
2045 636
171 470
4703 4
2808 436
1020 360
3231 650
1350 29
3837 619
4118 402
872 583
2504 819
2387 914
2747 887
850 749
394 655
1648 368
805 759
551 49
3215 713
491 799
1522 672
4828 469
3512 339
4107 409
795 368
251 544
2897 722
3433 789
1553 883
3345 824
835 25
4812 699
292 433
1674 842
2774 803
4055 108
1689 742
3737 348
4485 956
3173 797
3822 151
3397 667
1572 574
4087 749
4120 892
2032 218
259 453
2852 860
1255 511
3649 340
3264 744
3908 190
4407 339
3008 309
4457 232
3647 890
4218 785
3030 263
182 892
1439 545
4146 689
2000 185
3858 618
4018 983
3882 77
2759 546
4835 192
2468 159
686 19
1600 818
3926 470
1618 986
2767 762
4805 459
4744 565
4953 407
3254 228
250 466
1611 726
3964 434
1292 770
4135 467
3969 682
1065 74
2484 151
137 693
1893 460
2785 196
4397 811
2133 980
1613 308
638 654
4891 705
4746 986
4968 352
3836 329
3576 288
4986 167
4011 711
1546 532
1819 147
4121 387
2072 960
1585 174
2034 774
4247 847
766 16
1143 777
3202 112
1194 498
3375 254
602 837
2167 79
4981 505
839 701
4167 250
4520 591
3205 714
3016 918
1204 198
2650 751
4720 63
3772 472
2782 420
924 67
2573 835
1637 537
1885 956
1271 514
3075 586
1903 892
2139 786
3151 910
3766 913
4857 76
4434 280
2341 691
2982 963
3774 786
2672 196
803 422
2418 790
3606 8
2417 159
3619 21
1232 996
1177 857
3000 858
2680 759
3830 858
3923 719
1099 562
3244 637
4532 992
3611 255
624 440
2826 251
3192 968
93 373
2995 934
1524 22
188 973
471 152
2012 598
3099 771
1871 636
242 139
4225 601
3061 529
352 420
3132 396
2747 136
305 557
3483 328
1293 726
2726 61
798 645
219 954
2428 918
3619 252
2199 237
413 985
1170 201
2859 209
2391 798
2804 697
4154 790
2125 666
247 151
3333 776
4536 284
3606 931
2490 573
3719 224
3584 930
3796 415
2089 523
1628 907
1414 376
1862 125
1005 151
1554 837
1999 965
3652 391
3979 22
4539 276
1778 268
394 87
4099 911
4539 540
542 214
3926 821
2926 956
3605 282
3074 396
1064 921
4806 788
4483 247
3139 994
2343 937
4690 628
3849 995
1533 754
2404 93
2029 274
3479 2
1637 357
344 10
1756 87
4430 329
3225 739
845 396
3922 319
391 459
3333 23
1352 540
569 290
1898 459
930 422
3274 656
3692 152
1484 105
3697 376
684 51
3394 677
142 610
1364 8
2612 235
2773 246
275 213
3048 743
4143 711
1041 563
1224 870
3109 595
1933 133
2691 279
1235 285
4610 709
2025 958
4418 861
3111 202
4786 118
318 592
1483 396
11 377
1405 37
1119 439
4259 448
3656 288
1640 128
1905 672
4979 762
283 635
3104 123
2386 789
2114 464
1325 63
4164 877
1567 51
2050 433
2433 720
4578 618
74 452
1387 591
4996 87
2968 799
4519 396
3946 396
885 514
1996 207
4551 952
3307 226
1571 825
1548 24
1532 973
1308 695
605 582
3541 591
4296 324
2555 681
3876 150
3954 632
2874 701
272 133
939 181
2605 825
2315 723
953 933
1342 615
3715 967
3859 285
1647 274
3223 449
46 665
1810 338
1972 970
1793 509
4265 37
1725 782
1910 531
664 522
1605 317
2655 491
1763 721
102 950
1167 163
2318 460
2517 529
1462 785
3375 135
3233 845
4976 228
4760 297
2670 668
1048 224
4595 408
4838 553
70 386
1067 555
4773 443
2078 965
1251 724
982 939
4711 216
3365 217
575 350
1796 775
3105 606
1060 853
2562 684
4636 422
1718 180
2257 964
1053 734
2136 583
4253 291
3193 919
4999 74
929 685
3406 446
4610 944
3509 570
4860 634
587 788
2002 736
1739 71
1705 991
2286 66
655 866
4083 152
4846 978
3089 725
27 436
654 492
1652 761
1271 1000
183 884
1658 1
2762 288
3632 564
3588 102
2639 657
1516 445
3172 171
3234 111
539 123
4204 511
2549 400
3251 34
1785 490
1861 984
4076 457
3127 128
764 699
4776 545
4514 69
997 587
1445 481
3397 160
4159 32
2452 630
3871 78
4130 653
2903 996
3208 129
2693 2
1968 378
123 89
2311 876
1825 26
1458 871
3815 206
3779 415
848 374
1688 553
4421 764
2022 250
2087 97
2811 987
1077 890
4878 935
3027 238
770 773
4872 378
707 393
3737 167
2687 254
1822 28
3760 994
4238 92
4181 377
4478 318
4942 56
3635 438
4816 862
3888 832
1382 302
2488 691
2543 878
2074 243
3842 586
4917 111
2445 417
1409 89
533 366
4150 859
2914 438
1302 949
1953 936
1648 244
3284 922
2233 229
1244 974
194 92
2442 81
2495 66
4446 129
4311 77
1107 315
1692 320
793 535
3079 250
4487 569
3706 881
3500 699
3143 144
35 460
4816 572
1220 381
837 84
1969 258
1056 247
1239 1
2977 136
4756 432
4459 553
4947 239
4753 764
3112 436
3409 299
4489 772
2348 863
996 995
1536 232
1499 850
4446 102
4083 895
4687 430
3838 179
3568 947
730 283
1027 703
1189 12
4412 971
2895 185
3103 636
195 405
2783 191
2365 412
313 409
4943 425
1469 34
3813 975
4803 309
3874 855
4246 996
3011 777
1279 673
3544 172
2550 673
2135 871
4298 525
958 312
1693 388
875 505
4580 558
2590 160
1399 914
3494 410
2995 990
543 943
4253 469
345 984
1534 639
444 317
4616 563
387 838
1806 914
394 646
3578 249
1181 363
4020 637
2673 562
4412 1
1952 533
4036 22
4203 136
4332 959
1823 818
1663 978
627 821
3869 64
4561 632
968 129
3638 598
948 51
2326 847
3522 612
1782 856
2134 335
3755 99
3248 795
2473 701
2408 903
1949 100
1741 756
4950 664
1820 514
3840 269
1473 414
188 6
3534 231
327 857
3091 645
4702 496
1216 916
4784 212
4096 538
4172 779
4092 550
4765 116
1373 493
400 302
3882 529
250 225
1873 550
2900 82
873 511
2660 450
877 120
2005 380
956 449
409 996
2062 133
3795 136
4992 567
3738 468
3702 194
3317 323
2813 695
409 621
1652 266
4004 561
4888 532
164 284
4988 173
994 640
714 423
3076 76
1661 978
1722 637
1199 406
1953 496
3778 535
1513 536
2538 206
3133 593
2220 114
861 434
3302 483
1087 632
3452 828
4244 764
1257 856
3594 146
3844 938
2872 115
1532 650
4126 985
3631 572
4911 950
4145 879
498 940
1962 724
4574 956
2139 856
264 881
943 744
851 178
4828 317
995 73
4087 567
3787 342
2202 761
4924 869
1221 112
2345 731
3760 377
2874 452
3523 217
2003 590
1411 512
4235 145
2599 750
2433 302
2897 378
404 329
1969 190
1778 461
3349 459
542 361
4780 548
11 709
1012 446
73 949
3281 300
3836 450
4781 971
1772 662
2095 346
643 392
4855 867
3127 541
1160 102
3031 588
3477 104
3861 354
3409 100
2007 50
1530 491
826 363
4208 836
2697 526
950 772
4936 698
1889 258
3317 593
1704 580
469 460
209 466
3172 95
1086 897
1753 927
1447 175
4973 306
2570 790
853 687
4498 351
1423 27
4208 559
1475 469
3949 299
357 225
4223 848
2730 747
4656 253
121 999
3985 180
2033 325
2748 846
447 977
982 32
4911 229
2017 525
948 340
1866 856
1862 302
680 32
3120 681
4761 899
221 68
1455 16
2143 700
3189 31
766 838
4604 904
3368 17
250 736
3226 282
1118 248
1282 350
888 136
2632 174
1581 502
824 195
928 321
4579 349
533 482
2535 659
3355 469
1542 956
3002 579
3612 302
4449 723
4922 209
2478 862
4992 910
1455 668
1166 358
1650 901
1250 293
3081 623
3973 391
2773 543
2801 657
2073 474
177 747
3878 734
680 781
4652 853
661 901
1138 514
3663 371
4481 334
731 669
4014 381
2202 585
3988 334
171 508
3405 245
2184 744
2822 813
3318 786
4654 436
4863 439
1631 775
327 392
4873 99
1510 32
754 790
125 723
830 816
3162 542
4371 903
1768 393
4251 777
3255 886
784 214
4502 282
1336 548
2610 512
2869 566
1557 74
4158 837
934 497
1079 235
4284 43
3138 752
1030 705
1994 889
610 193
2941 287
2665 623
1423 288
3556 567
3292 342
740 404
4030 609
3796 976
4027 117
3732 742
2446 606
1265 374
76 799
500 245
4428 819
3973 344
4361 193
2018 363
1079 476
4352 49
2767 652
2896 502
1237 727
2321 704
929 379
108 149
2475 704
16 941
2710 128
1866 629
2164 145
3445 261
1426 111
4134 268
1164 320
2017 685
90 418
342 236
4649 191
3303 440
715 548
3816 92
536 471
3670 841
2091 647
1387 236
4857 451
2237 872
2881 913
118 629
1696 789
4329 683
1981 949
3768 526
4601 586
3242 984
4690 711
4311 157
3098 996
4693 884
4652 150
4342 695
751 118
4572 856
4180 435
2343 962
1783 777
2696 995
3343 732
3048 133
1552 172
1765 979
4296 386
2481 61
2191 188
4109 650
2090 522
2043 904
3623 157
958 363
1454 888
2314 485
1444 702
2273 56
3818 319
2155 696
1819 733
2473 180
4158 380
3691 587
4035 921
529 694
147 682
667 360
835 828
4443 968
14 103
132 717
4265 79
1245 986
4469 404
1818 567
2680 632
4273 251
3215 62
4393 770
4861 740
3706 683
1776 994
2170 70
1471 49
3074 293
3469 254
4433 19
1213 706
1928 565
2392 565
667 745
1863 513
4373 252
1089 86
2047 586
1382 369
2498 94
301 147
4817 248
1025 280
1457 602
11 527
2954 787
4282 999
3719 689
1599 458
1816 271
4031 478
908 284
1485 531
4139 417
3654 889
897 110
527 849
4003 192
1362 533
3742 983
2210 826
3166 471
2034 698
2011 22
3598 452
3873 657
1696 22
4149 580
3422 52
2400 587
2691 727
889 512
3716 946
1501 232
745 530
2215 49
1830 750
2478 570
661 624
3695 574
3723 882
2331 315
1043 554
2666 531
1224 100
291 261
2823 531
4501 742
1945 113
203 806
703 836
2162 162
1551 635
534 889
1351 302
1293 241
2831 333
1160 399
1511 405
701 363
1027 384
2610 729
3908 929
408 740
3597 775
4171 97
3913 490
3602 766
4408 913
4987 506
1277 920
4928 942
4155 150
1316 367
630 981
867 204
2432 891
4431 196
3986 350
755 859
4848 798
3955 247
1758 802
3289 442
3851 567
4275 410
1261 324
2947 718
2854 317
4609 473
987 835
290 566
3338 859
2252 547
2286 982
1482 97
3979 542
334 938
2539 783
1500 460
1134 609
3188 982
1517 833
2239 704
4170 165
173 472
1622 809
4961 350
4819 275
1567 47
3141 484
2163 307
371 28
2066 227
4832 987
132 199
944 224
4078 824
3717 340
3220 65
4825 567
3355 190
1000 585
4092 281
4558 878
4295 72
3588 507
4816 542
2410 513
1967 187
4502 946
1021 427
4876 926
2490 660
2511 286
1242 746
2922 549
3660 837
4218 949
2469 350
3921 999
1930 285
2346 531
886 596
4657 181
1936 920
508 17
2195 220
191 750
1054 623
3518 670
1941 721
2605 329
2512 362
2427 385
3038 591
4776 469
2988 254
3595 777
1434 385
3051 622
4620 912
36 179
1628 387
1082 806
93 577
4580 323
718 717
2619 230
817 961
3884 662
4004 235
3915 390
4752 706
3700 62
2814 836
1250 878
4211 607
4170 857
2396 237
324 262
1702 200
1588 335
1139 946
4148 28
4687 868
4930 55
621 991
2498 943
1642 623
2522 868
2513 759
4910 412
1018 457
4438 522
3107 862
4204 724
2277 999
3367 497
2851 91
4599 486
2171 122
4537 315
2639 264
1886 70
223 838
1452 323
749 615
4878 919
634 585
2174 263
4992 303
2998 99
4102 714
3590 261
1535 353
3653 808
2156 426
2773 986
2888 977
2246 464
3274 382
4650 477
638 808
167 337
3856 150
4654 498
3760 165
45 799
2757 824
1842 751
3616 749
312 528
724 581
2799 5
4629 246
4252 205
4229 445
1730 243
1191 65
3806 812
4606 631
4477 570
248 799
4062 265
944 854
995 839
4755 881
462 676
3227 61
1002 505
763 187
431 515
379 584
4641 155
1067 782
3469 658
1642 48
2370 931
113 56
1907 37
3455 62
3961 862
1285 275
3836 834
1537 952
2222 106
505 706
2193 907
3356 794
1915 324
2042 223
342 271
4092 488
3689 161
4137 706
2243 557
1291 847
1684 352
916 799
4728 68
3473 826
1456 416
1223 318
3531 592
1913 222
3115 519
1317 598
1289 364
2598 16
4532 160
4385 93
1860 470
2462 913
2882 159
3279 374
2152 672
3381 70
1317 572
3013 683
2747 878
4605 689
2233 975
1756 385
1179 618
836 235
4043 266
4247 904
2805 629
2982 110
3302 683
4257 440
1834 90
3783 472
2616 57
1395 911
4224 784
713 71
2455 674
2418 805
3677 340
4207 297
394 845
4277 523
3666 125
2579 412
111 689
3351 807
3339 326
1474 457
1238 968
1274 105
1951 8
3421 957
3958 32
1044 562
3531 481
581 352
1144 344
3369 349
2185 67
2609 709
861 75
3608 427
1693 548
505 450
1590 600
1898 194
2483 848
4123 647
3698 429
642 634
4367 225
4373 690
363 127
1029 481
4799 210
1130 43
3029 456
2459 276
3103 426
2499 132
4927 995
4212 20
386 77
1984 877
1686 958
561 893
2317 198
4839 433
3684 961
4250 670
4956 580
734 219
1558 701
2328 979
1799 424
1475 411
874 789
812 764
4021 105
622 869
3880 500
2923 978
1286 301
2382 18
3348 243
366 580
3627 158
3622 911
1450 872
1297 755
82 826
423 671
2259 1000
2131 213
1764 494
879 845
2060 346
3718 432
461 850
234 890
4126 823
1003 917
3635 370
4500 953
1597 744
2943 913
1211 629
1088 467
2680 919
4213 532
4079 130
2709 679
469 379
4648 916
1038 624
2915 913
2704 452
3791 648
2562 311
4634 926
238 520
4439 197
4608 850
3363 837
53 811
3210 810
243 985
4037 466
3596 71
1500 394
4859 12
740 417
746 152
1851 866
3502 122
1465 974
1494 131
3590 32
3938 639
1513 224
4673 345
4568 479
3058 71
664 247
4090 896
562 310
3462 760
1854 250
833 984
1257 567
4688 744
4932 217
3746 125
4640 643
506 679
4243 797
4491 621
3762 410
4925 190
2452 664
1183 548
1464 111
3175 811
4651 909
1547 838
4261 600
3020 13
3874 291
1241 85
258 434
86 152
900 276
1239 29
3830 521
2190 722
853 339
3603 65
897 383
2971 309
2340 915
1732 353
1396 459
2912 817
4082 462
1467 942
724 557
1155 895
2414 929
961 889
737 291
1833 73
3979 942
4249 67
4201 685
4467 215
1536 779
3027 335
2579 260
1864 292
733 925
1360 433
795 814
3907 327
3989 335
635 548
1066 79
2429 988
4132 133
3503 824
4010 454
3260 946
3031 574
179 423
1986 949
572 726
3793 227
3527 939
4406 896
1147 243
2051 679
4273 930
4725 817
88 816
477 21
4664 801
3529 529
595 421
857 575
2935 126
4464 267
1518 477
88 597
36 650
2060 888
4796 81
289 822
4622 501
169 669
660 689
3128 686
1519 225
4067 48
1931 87
1274 301
2286 92
2497 379
3062 909
3705 840
3699 552
1269 871
2876 608
1150 96
497 338
3950 469
3655 477
560 222
2274 66
1915 798
247 937
591 92
665 994
3045 387
3456 657
2272 22
4234 302
3426 4
3360 185
3716 993
4298 141
2025 499
4829 967
1937 699
160 740
374 859
4990 221
2079 561
4272 651
4626 128
2161 761
3727 381
4753 824
2898 170
4047 274
3125 466
3363 443
1827 894
1971 34
3835 616
1324 193
4772 374
2971 945
4068 679
3267 838
4627 501
2135 513
2288 957
4677 572
3603 677
2239 844
122 96
287 575
2417 402
607 499
1101 463
3460 675
1248 250
3939 698
440 945
3096 117
1527 923
4068 361
1306 555
2088 931
1678 586
4064 282
4908 990
1811 962
2744 501
4322 690
4714 802
2908 450
3238 289
2647 843
4758 733
3530 34
539 334
135 342
3594 701
4927 629
3093 520
498 871
2568 913
2348 936
2479 47
4363 626
3904 685
2185 898
2164 290
183 701
3849 164
1819 648
3163 31
4305 162
998 817
1475 127
2167 66
2099 851
1251 113
2085 509
1930 363
90 307
137 507
2414 679
3650 733
3466 479
189 398
948 916
696 528
268 64
1395 259
1434 121
128 395
1139 886
3709 837
2841 712
4585 23
3738 164
2878 651
431 384
4823 319
2339 362
1597 898
660 175
3054 837
4124 702
325 450
3951 578
1999 48
3757 261
3784 465
1279 283
207 689
4071 482
4417 41
3335 267
3433 62
1429 667
1145 456
961 568
1310 617
3 656
3898 857
1116 747
474 983
1426 569
2629 825
2595 988
1615 444
97 227
1958 12
506 471
2075 982
1515 251
1563 32
1169 872
2744 539
579 757
1459 233
218 1
2486 829
1271 405
3927 262
139 758
44 436
242 80
4419 820
1876 766
780 311
2292 704
4056 81
1402 643
4777 405
503 594
4302 462
3784 745
3741 91
4685 698
3032 634
2582 557
2317 165
1421 561
1845 513
479 63
2499 339
4094 819
1445 900
469 576
4117 243
4318 440
4180 674
4973 590
3376 498
4660 69
2144 669
4473 69
4065 684
4478 939
1931 180
4302 89
2997 935
3976 479
4257 358
1604 811
3850 875
1673 619
1707 887
3442 217
1082 73
4674 871
3833 701
297 542
4607 108
2636 797
3771 40
741 533
1229 709
4604 656
1911 428
1603 766
2681 12
634 266
3435 343
1083 889
4208 904
1884 258
4213 670
3562 249
2864 535
1979 926
4860 908
4574 29
3990 93
4301 889
3751 581
1121 572
1033 26
211 615
1781 846
1827 178
2052 687
1060 988
2137 639
30 581
1834 424
872 475
3396 151
2883 560
4946 107
1553 876
3809 458
1587 660
2751 709
4734 21
1659 42
2503 640
4655 695
3451 950
4482 249
1089 438
2426 941
3859 223
132 908
4332 232
4615 831
4186 789
3449 850
4558 276
2643 41
3809 610
1322 106
2098 51
3423 255
2365 227
2116 204
2474 765
1847 245
1807 771
116 91
1927 862
4268 917
2776 596
3998 670
3903 821
4979 509
2177 484
568 818
2711 437
2245 902
300 386
209 445
3830 371
2882 61
3605 504
1987 609
1004 18
4010 994
4059 258
4064 528
3790 769
587 595
2317 457
536 706
500 69
3099 818
20 99
2368 402
2128 532
1560 843
869 918
697 955
2389 637
4063 324
4328 476
879 811
1537 41
2289 836
2423 119
2868 278
2471 158
4264 394
4297 682
3332 436
1931 112
2035 567
1747 475
623 71
1900 26
2491 112
1911 437
893 824
1838 733
2556 832
4985 867
3971 551
290 287
1858 895
1479 408
1104 283
4871 717
4920 912
990 925
2545 468
3512 608
4049 178
4444 166
2734 192
2985 194
746 685
4118 488
3693 339
3818 813
2753 103
1959 947
4711 986
18 790
1585 293
3890 212
4298 128
4902 508
4307 251
1460 512
324 347
2641 781
3713 713
1532 203
1230 545
1053 933
3801 929
642 305
4250 156
1121 319
2527 797
948 855
2423 145
2196 370
1326 8
2649 750
3292 247
4966 143
4831 961
1707 337
1100 338
188 226
4505 368
4405 279
4769 445
1950 782
3277 888
2157 934
1753 349
1073 954
853 122
322 942
4975 553
3208 657
622 329
749 361
3172 421
2965 253
4415 772
3157 777
2841 659
546 751
2282 109
4675 291
1274 988
1340 764
4029 593
4933 891
850 264
2462 710
1747 181
1096 40
3673 108
3725 685
3928 103
2504 51
983 711
4833 150
2010 174
671 251
908 790
3663 639
4930 255
4041 644
1375 680
2013 493
4317 690
4687 987
2476 134
1651 589
4491 56
4391 139
4155 856
1825 108
1367 693
1699 976
4837 241
1466 329
3702 678
4280 387
2282 893
373 440
425 40
1162 820
3069 563
4649 584
660 899
1566 13
4231 818
2868 322
4596 76
4893 953
2121 877
3724 289
1033 151
4170 283
3695 92
3310 62
2728 585
1827 770
3616 824
4553 711
993 380
4148 610
1192 194
1046 96
550 486
588 175
4132 158
4370 981
3438 702
697 81
1774 843
4203 271
1149 744
3083 119
3624 735
750 751
4053 790
3751 34
58 934
4374 24
2750 283
3647 896
1321 1000
341 109
1779 106
4180 982
4669 938
2203 952
757 943
4718 623
2472 10
3779 69
3225 301
1992 905
1340 250
2224 134
4921 600
245 434
1723 62
4980 567
1695 161
4065 596
2370 926
2488 620
1969 386
3886 820
1461 434
930 174
712 156
1037 190
2295 716
1175 394
1016 77
4838 609
2531 156
1558 208
576 578
4345 948
3248 982
1990 240
4793 49
967 354
4324 945
3802 576
2367 291
2042 541
4370 203
4936 316
1765 232
1826 667
2736 392
4419 833
4639 551
1371 341
2077 130
4562 251
2889 455
2792 291
4965 340
2741 937
1929 403
1501 49
4445 190
1654 820
250 236
2517 840
166 345
4407 928
4768 611
3560 98
3175 133
3914 440
3805 150
1409 931
4515 380
4142 836
4403 843
2285 577
4382 624
2562 20
571 353
4421 466
4342 840
3255 696
4022 839
4022 167
3717 412
2584 199
4983 12
2090 374
4765 401
1295 284
3573 399
1428 736
3126 543
1623 288
4851 241
2984 375
4478 664
3122 23
1716 289
494 986
2594 403
954 801
4904 481
472 31
3 715
4735 279
1040 682
1685 302
422 259
4544 450
1579 251
2439 652
2961 789
2993 505
384 181
507 621
380 710
1371 242
1960 789
1349 995
4725 788
159 89
403 117
3260 649
1886 313
2963 68
3427 698
1302 104
1064 648
3585 276
4955 290
2770 4
96 238
3636 425
391 540
4008 70
2759 32
94 614
4818 290
3930 156
1976 391
3564 57
831 629
2405 967
2795 850
144 572
3490 568
316 510
3453 610
606 949
3452 650
562 524
4801 549
2206 212
3283 867
4632 43
2148 971
1666 842
1620 501
356 759
3332 170
2425 985
3667 227
507 738
2251 624
1629 710
1820 665
541 33
2476 636
2775 598
392 437
763 855
4228 438
1768 79
2278 102
4250 597
2846 103
3877 515
2716 774
3569 154
3427 579
1111 328
2008 322
1556 604
455 432
1757 224
1687 612
2678 277
3790 454
1373 816
4999 522
4688 920
2945 560
4872 183
4544 297
550 648
1861 248
816 960
4199 660
2770 639
3050 166
476 83
4549 837
963 450
3531 500
1201 193
3408 599
720 166
1514 924
1824 244
564 445
192 592
3206 816
3907 676
11 806
4264 946
3418 783
4653 879
4102 907
1990 236
3807 299
583 706
3919 283
4327 555
2593 775
745 283
1926 997
1076 34
2366 57
4785 1
934 101
4791 147
776 704
2757 235
15 116
2454 249
2726 907
4671 118
2112 941
343 385
2549 190
3498 985
4230 553
4772 443
2369 237
4978 700
1819 662
3348 394
2538 716
1759 862
2958 733
1724 542
4940 899
4763 377
4205 289
2453 33
928 413
3369 619
4387 276
326 365
4287 849
4363 431
1517 566
951 163
782 99
1618 404
4847 340
1078 837
4092 845
11 585
3771 293
1198 430
1622 232
4945 306
151 91
3675 592
4344 654
508 220
151 548
249 968
1314 563
1794 71
525 333
887 799
3890 164
819 680
4489 356
4720 664
1968 608
4254 968
1043 473
3848 132
3080 223
2431 639
3336 586
1248 856
921 658
1410 963
1917 621
3875 1
3778 91
3695 128
2628 723
4589 682
3806 63
1874 284
2246 782
1822 168
1728 90
4742 83
1599 174
395 775
3804 9
2470 528
4073 828
3084 707
1912 247
2630 211
4994 309
650 889
4150 566
2379 598
3453 464
1880 289
3166 609
1946 920
515 714
3076 901
4954 151
4407 472
3603 386
920 401
701 713
2261 928
1357 972
2812 724
533 353
577 746
2876 967
479 841
4771 42
1504 845
3205 941
4055 286
3106 602
530 662
1068 528
3685 276
2231 909
3597 129
4409 121
5 69
4774 135
547 672
4223 736
973 801
2483 473
4077 698
2100 284
3663 963
3067 51
528 977
4221 215
1742 258
2482 814
4206 685
2111 987
3433 394
2342 523
4934 81
4699 112
4384 176
334 265
4383 347
665 449
2034 859
3234 911
100 449
761 617
2162 459
506 909
2643 239
4387 610
3145 991
3452 659
4045 793
1981 122
3203 635
4507 198
1094 304
729 989
4717 687
3136 396
3159 324
3829 103
3452 268
2098 295
383 900
1117 944
3097 572
3090 552
398 167
4522 501
4999 753
1367 350
4403 397
1652 330
3769 324
2196 553
836 560
3485 429
408 896
4068 873
3583 80
982 8
1714 526
4995 129
1347 62
180 976
4913 837
4922 276
2812 656
1240 167
4354 720
1473 554
3188 57
2126 112
3769 339
2134 580
3689 824
4386 279
3157 422
1416 18
374 155
4244 261
2000 501
249 380
1716 344
1534 735
2454 27
4040 124
1236 977
1277 451
4548 34
4602 969
1434 498
1897 330
1030 227
108 887
4857 181
4810 858
1846 95
2847 923
3654 814
3601 450
4882 464
3413 203
1433 709
12 935
1438 571
1918 993
2407 561
3600 21
3474 935
753 682
3296 745
4076 103
435 652
3980 867
984 530
652 117
3169 456
4503 848
2382 738
254 452
952 341
2097 845
2721 317
2901 877
2254 844
1638 361
4761 820
1585 1000
1381 836
2894 689
1458 855
1609 969
2394 458
3095 288
971 497
1268 621
353 386
125 379
109 306
3804 886
3287 946
3263 849
2587 163
2143 385
4199 570
4973 874
169 889
2086 795
3031 691
3582 771
168 575
2085 319
3118 570
464 750
571 512
79 97
2123 187
2525 363
2768 963
3452 915
2586 264
2208 694
1068 603
4989 949
2447 605
1780 155
989 418
47 670
4569 443
4717 224
1331 38
2713 405
975 74
312 860
1587 70
3177 787
3977 435
4966 501
2064 81
2571 426
3048 178
3854 201
695 625
1555 506
2130 246
596 869
579 823
2123 772
758 259
2578 561
3584 817
2288 495
1020 699
248 702
4285 184
2587 703
936 659
4788 562
4728 957
4755 826
2769 25
1360 439
4004 395
1625 276
904 15
35 650
2178 229
1612 377
3064 825
2749 354
2458 853
1092 445
249 299
4878 36
1626 394
4252 280
3338 65
2191 268
3411 227
3604 730
3177 672
3052 586
626 578
2680 614
323 320
3179 721
4474 937
4734 644
936 312
4646 963
1494 166
3586 481
1746 594
1391 405
1875 190
193 680
1067 763
1904 968
1016 253
1816 857
2410 369
2735 865
145 877
3265 552
884 512
175 727
1885 266
4213 825
4634 853
1781 190
1035 939
2186 756
4047 39
1779 520
500 132
2323 939
3338 961
2754 346
1782 158
4246 715
3124 674
1115 384
3603 776
4140 360
3386 836
1331 858
1246 298
789 324
4685 935
530 864
2896 327
1788 552
678 263
3955 727
147 993
2033 210
4863 274
2736 303
4858 45
3813 233
305 287
3412 730
2276 575
89 597
568 57
3435 353
1057 93
3078 815
1679 222
589 482
2791 173
2818 579
2373 929
1243 903
2643 282
2545 930
728 373
4072 438
4559 631
1156 770
724 309
2032 730
4718 735
4335 257
1459 186
2585 360
4454 933
1031 751
4767 26
789 728
1664 846
4028 938
3471 320
3489 923
3944 716
216 373
2106 576
2638 681
4128 747
612 763
4591 459
3899 287
798 916
2394 881
3191 869
4364 147
3581 726
3189 749
198 994
4430 108
1804 623
3607 468
763 959
1599 630
183 956
634 449
1880 932
1012 577
253 895
1416 576
207 284
959 581
891 257
3851 770
4646 13
4326 734
3028 61
194 941
2289 378
121 250
751 346
2727 598
4173 257
1916 873
1324 652
493 863
2055 522
635 683
4411 677
499 53
1191 982
2649 498
3895 679
1127 354
2578 857
4787 484
3666 715
962 775
801 34
3750 363
4771 918
1014 781
1590 165
2151 172
3994 458
4255 575
4032 241
4137 804
4859 353
4438 782
3762 594
2597 256
153 185
1684 251
1021 533
779 305
2046 851
4189 379
2421 570
2002 677
3440 439
3719 873
3934 437
1596 605
2912 102
1095 109
4341 437
954 947
3139 816
338 751
3032 283
2586 430
4224 634
1366 662
4385 363
4101 100
1383 662
4990 482
1426 412
3756 750
3860 501
4281 631
2956 172
1299 72
2553 479
4936 597
2529 479
3008 535
3979 110
21 896
4540 143
2444 506
2366 76
822 154
4413 656
3295 600
2525 555
4449 358
731 352
3813 948
1596 271
2384 41
3677 838
4277 697
3142 396
1023 79
3263 75
3594 172
3229 480
4518 64
2236 917
2794 377
4256 648
1337 756
4044 876
456 73
4592 445
107 282
3049 351
1683 655
4062 145
3070 805
831 77
4792 623
949 828
2350 529
2550 519
4672 982
4201 992
3811 171
23 756
689 72
1268 372
3002 923
275 453
941 341
1755 603
1422 734
3874 568
4870 422
2583 434
1986 306
3827 759
2963 348
2799 490
4833 730
437 567
379 334
1351 239
57 219
2484 121
2065 63
2890 93
4261 283
2207 638
3943 234
3770 589
928 973
3616 262
1363 261
579 18
1578 567
4714 917
1149 896
4244 623
252 916
633 522
4754 176
1573 821
375 323
3415 652
4363 499
3227 893
3867 600
502 114
2731 775
3421 81
4513 530
2757 341
775 117
3934 857
4371 373
2588 961
4155 588
1629 482
2136 330
4722 738
166 1
2810 189
1053 298
3328 473
74 180
566 131
1363 41
2520 328
2866 965
2398 294
4022 249
1611 274
2991 417
1724 387
930 47
3393 605
1271 193
2317 986
1810 476
2417 354
4742 58
325 112
1163 818
3691 170
4053 328
4525 469
2214 150
1433 982
3594 324
535 877
4724 121
2147 438
4723 744
1460 986
2275 978
4402 470
868 244
4337 719
924 435
1778 885
4589 877
4868 953
4870 773
3846 426
3702 181
3307 290
1684 560
2781 43
353 368
4338 175
3337 892
3529 610
279 652
1891 677
4355 251
4210 850
4911 787
2322 978
4955 244
3670 935
4280 609
2731 396
583 962
1697 670
1804 60
4987 50
3400 34
4700 734
3811 352
2076 596
1317 293
4393 941
2124 397
3292 557
2711 869
1052 643
599 425
3807 190
4403 562
825 213
4917 1
3320 772
4057 741
2414 921
1749 268
4116 127
4194 69
1789 126
3163 362
576 8
1598 239
1442 674
3433 851
23 698
903 317
3275 614
2034 449
30 275
1029 830
2402 230
3934 286
951 703
3962 307
1449 925
1250 150
3384 575
2121 572
1108 478
2924 566
4693 354
684 818
1563 336
4183 522
1592 4
2238 491
1444 552
2320 243
4487 333
2980 317
692 965
3546 905
4271 51
4555 846
2625 499
2969 215
3104 506
4772 773
1539 295
4007 222
3099 278
2766 215
1632 53
2723 447
3058 829
2730 294
2208 237
2207 377
3195 162
4726 711
1178 348
271 155
3935 575
776 838
2358 223
2569 509
223 939
3277 850
1096 976
4433 871
795 295
1287 91
1886 751
3696 661
1831 481
3799 516
1116 478
606 684
945 444
3194 625
2798 238
2532 640
2643 237
2685 159
3960 229
2123 21
4637 237
2221 268
3166 554
160 747
924 955
2552 26
4810 422
123 297
1472 541
3754 624
1134 28
2430 596
4177 592
3883 349
2998 842
1764 123
1496 349
1316 934
920 77
4487 355
4440 61
1340 282
2481 550
1171 759
4265 8
3553 717
4549 257
2466 188
1249 76
483 941
1822 41
1430 1000
170 388
189 909
3407 384
1504 115
2380 827
4975 160
4734 875
3407 789
2463 148
3422 465
2795 252
3125 877
3961 289
4296 112
4476 709
4238 402
1850 989
3309 357
3761 524
3815 679
2656 383
4618 430
1222 897
1393 248
2780 76
981 911
2598 956
350 930
768 963
3365 437
1523 542
4380 610
2570 921
3108 161
1864 46
3203 618
2292 134
4189 975
1165 945
4591 393
3228 327
3587 890
1906 897
1163 956
2660 42
4219 909
3793 917
3401 907
1368 934
2833 4
3032 761
1119 556
1065 657
4277 238
3791 905
3687 97
1562 380
805 229
1143 26
956 808
2992 707
3047 645
381 172
3640 481
4712 706
4120 706
2299 493
4255 927
467 217
483 73
1745 488
4520 611
3799 373
1769 800
1614 511
4617 360
1947 305
2771 340
2974 103
4296 487
2300 161
518 591
3012 871
2737 591
3689 557
3644 367
2160 192
376 782
3068 851
2152 368
4349 948
3413 913
2846 212
2756 283
3702 659
4443 700
4285 41
79 191
1549 612
4989 433
4064 612
1408 838
1936 7
2113 513
150 620
2002 681
4636 20
1669 96
4959 86
1292 457
333 931
786 959
1733 599
1787 980
3906 708
4362 779
1 333
1500 768
3149 695
3740 328
2649 839
1223 905
2019 444
180 631
1741 453
2799 697
697 969
2983 625
4831 371
3127 116
947 672
303 74
3265 555
494 842
1742 113
342 707
2990 980
4712 8
2039 832
4965 366
4189 881
2413 587
3611 781
3827 5
1429 236
4855 123
1148 335
808 594
4974 205
4410 720
484 360
1926 501
3725 527
1378 834
1623 495
2814 696
1712 66
4073 342
2697 47
3824 144
1295 558
1509 587
3366 155
4171 995
51 387
3031 220
4289 890
3530 381
1972 640
4067 40
4313 339
4058 949
1103 691
3963 553
35 491
936 564
3683 931
310 651
2289 616
4919 318
3919 667
4139 642
309 716
4992 124
58 638
1246 162
1100 773
2223 107
2890 104
1366 426
1129 800
3448 528
2460 111
1049 524
2834 310
4509 686
4928 576
2912 85
4038 100
2101 917
1910 613
815 543
3394 592
153 931
1394 518
4417 149
3826 803
2905 302
2337 753
1009 759
4477 908
1643 113
2451 369
1141 103
622 740
1309 586
904 800
3360 334
2470 497
2469 938
138 514
2327 767
3517 402
106 443
4362 358
2390 461
64 286
2078 804
4794 721
1709 5
486 11
3047 1
1227 541
3681 96
3667 717
4228 79
2545 54
139 973
4924 365
1170 555
2251 531
3277 717
1117 974
3029 603
1216 541
1309 802
2349 567
4934 50
218 245
2268 247
973 381
3865 965
4717 42
804 83
2426 66
678 753
3937 282
2768 819
3133 20
3823 790
3678 772
4985 679
2315 978
3028 635
4270 350
2246 480
3321 924
680 947
1656 444
2497 912
2958 546
4778 314
1668 529
3484 22
703 617
206 686
1480 496
3375 105
1115 37
3915 392
2980 438
2839 36
2365 591
3616 339
4579 504
4831 70
1295 136
3157 965
812 550
2129 418
3709 910
1520 481
1767 358
359 421
2678 594
3664 776
2990 341
4821 960
1694 612
3094 256
3563 450
3765 884
4596 336
4352 551
1170 171
4802 291
1936 114
1029 705
3270 695
4488 899
3309 293
2511 575
4215 242
751 524
1699 573
2301 820
3697 118
4893 524
2474 78
485 656
4931 384
1149 259
482 874
1878 434
2160 560
2737 736
1446 539
439 757
3335 941
1144 364
2496 402
2032 18
4586 231
3009 500
3446 940
542 943
792 756
4108 89
3322 977
3475 336
3992 145
836 927
3463 570
2867 541
532 784
1319 552
3827 928
4418 658
3603 500
4037 468
660 486
4236 20
2578 202
4918 767
3178 243
4568 655
25 454
444 61
535 437
3842 156
4004 401
2257 99
2094 934
3956 447
3690 791
3003 164
3079 714
1817 111
1423 361
3942 728
2290 235
2833 955
2321 867
998 723
1776 603
170 109
438 720
771 699
2372 920
111 406
136 76
92 468
2281 299
171 656
1840 964
2266 221
850 849
4999 133
450 574
2753 795
450 998
3899 418
3175 981
3819 816
561 619
1892 96
4528 754
2420 548
616 115
2082 317
3836 453
2828 434
969 702
4157 739
2995 120
3963 349
927 378
426 968
1428 642
3385 909
2834 535
3438 377
1656 69
177 569
4210 457
114 381
902 215
3094 987
3718 458
2072 10
4503 272
3603 742
2199 945
3854 40
4327 944
4892 96
1342 640
3248 336
2260 662
186 445
2701 852
2459 339
2291 342
4616 906
1566 484
4621 680
500 990
1712 451
1742 609
2919 318
1875 978
2185 828
4408 939
3488 581
374 660
1757 782
267 688
312 395
2508 956
602 853
4026 627
991 644
2889 167
4512 258
2715 284
2306 283
2560 268
1292 790
3604 409
2128 553
1625 966
4892 806
1419 352
1098 535
1289 590
1051 549
2306 663
4590 181
773 905
3645 965
4934 178
2154 789
1249 934
2820 477
2771 168
803 847
2984 297
1340 46
1243 922
3554 752
688 867
3998 294
2542 583
133 849
3868 469
620 20
2126 743
1675 224
4590 59
4110 504
1290 636
1447 166
3319 745
3851 67
3894 497
3799 515
3921 459
1992 514
4847 290
4590 862
4428 916
4134 488
315 664
2043 301
1808 185
2167 27
4201 588
3452 682
3806 736
811 373
4441 519
2252 647
2344 354
3340 430
2734 550
2486 327
914 87
4448 392
4018 367
3215 95
2695 920
4039 280
2525 100
2056 411
2833 658
3140 847
1032 228
4053 308
3808 929
109 888
734 973
1436 44
1402 178
2739 615
708 100
2660 71
2677 441
1080 468
2147 334
2042 1
1877 253
4436 553
3804 318
3576 457
3114 604
848 837
1367 963
228 211
2206 166
1930 575
3912 878
2146 511
3091 980
1085 185
4412 981
2310 448
1482 734
4542 936
159 789
4069 725
3139 252
1072 468
171 504
4138 604
4537 824
2244 466
4701 938
1829 273
754 576
2754 883
4036 901
4481 938
1460 821
2904 932
3135 822
1460 924
2913 495
2703 21
2847 623
3001 622
4599 861
1218 736
4468 965
490 680
66 934
1645 727
360 650
2505 114
852 219
3936 632
4354 58
1005 542
906 718
4608 125
4567 990
2086 51
1106 238
1875 800
1691 378
1367 358
1513 85
341 75
678 192
2457 462
102 855
3278 639
2161 102
631 607
253 912
1314 809
2520 936
3158 761
1801 274
397 396
15 349
445 363
2292 303
1698 864
1658 595
3135 833
606 419
2414 570
82 560
161 702
3829 174
2727 252
2139 114
2304 244
2841 542
4665 175
514 63
1509 156
719 377
3890 730
1405 125
2673 525
3425 639
4879 801
4500 418
4015 330
2189 736
2065 968
4852 10
2033 82
3156 13
4704 327
4201 144
4331 498
3938 149
2134 459
3284 856
320 688
1112 930
376 615
840 911
874 41
128 620
1761 493
978 836
1375 153
4987 988
2943 979
1769 464
3434 286
3266 933
2767 733
736 984
2505 230
3471 876
1103 555
3537 782
1963 289
784 727
4621 603
2930 28
33 570
2038 760
4244 213
866 348
3842 971
2553 270
4295 27
2438 500
717 164
4901 680
1845 984
3408 696
3679 630
1452 83
1853 446
930 856
2143 449
1518 821
956 439
1368 163
4276 622
767 263
3945 701
860 978
844 236
1544 995
3462 256
1613 952
2785 193
4714 781
3254 892
4554 43
1165 585
3005 667
1209 38
2742 368
2938 327
1868 102
4564 72
2451 54
2504 502
1682 230
1768 231
315 334
2135 369
3588 149
2124 83
912 79
2953 108
4495 986
146 542
377 488
3141 28
1744 693
4251 797
4463 51
2121 44
2339 449
149 764
2713 37
275 597
4000 104
2675 517
4950 48
4921 440
1463 506
2988 328
3097 457
1206 668
1345 586
21 394
4881 639
4920 222
1196 776
2512 481
477 963
2693 899
92 261
701 960
430 579
1917 877
4524 886
4511 941
1615 197
1357 352
2641 877
1886 87
1894 436
996 348
204 470
4300 196
164 976
4934 523
1458 639
496 506
1816 592
3065 741
3013 654
2594 978
4496 730
2888 178
448 13
1551 276
1014 882
963 533
1290 502
654 506
4000 141
4191 363
857 673
482 995
4405 337
1871 340
3444 256
3937 110
3348 597
905 101
3148 710
2482 385
3910 909
2561 418
3984 154
3962 328
1540 845
1831 572
2265 703
3136 677
1973 279
4224 22
4411 276
302 512
576 79
529 288
4676 113
853 576
294 70
2365 816
3152 779
1905 777
1674 504
4797 954
2821 212
603 446
1487 932
4399 418
2811 161
4411 520
3268 160
900 927
1741 996
4236 129
3934 973
1809 691
2051 524
3694 139
839 909
2482 27
1824 801
1673 223
3450 668
1224 953
1939 431
1473 468
3615 394
3307 510
1407 664
1830 278
1295 993
1720 693
4570 994
3299 125
108 832
3105 952
2977 131
2329 906
1559 890
3451 439
4211 235
1327 834
4846 235
3820 234
3294 748
2283 606
3068 197
334 1000
2642 858
3900 916
127 95
2489 218
426 801
2507 687
510 149
1763 770
3083 8
4810 217
3346 957
2038 407
3927 583
128 132
3207 63
1715 582
3077 346
1655 964
2258 498
2468 736
4261 480
1166 612
2552 99
3999 742
991 459
4493 61
2826 572
3501 769
3919 336
1585 775
1795 895
3789 83
2524 824
197 549
2220 143
1977 199
2996 765
4871 213
1805 901
760 649
2763 781
3059 189
3160 153
1046 459
1588 826
4958 950
4767 69
1131 290
3543 274
2350 637
605 227
329 35
648 794
3144 876
2919 10
4709 138
3379 551
4182 426
1596 471
2813 604
3579 761
3524 243
971 831
3702 421
131 848
1406 746
1456 322
817 617
1627 439
1718 938
4817 398
947 308
2933 590
1537 276
1072 574
599 922
3627 678
1638 126
26 640
1238 141
2622 377
1467 384
2480 202
261 353
2671 386
726 676
2819 508
3082 155
1565 486
4232 626
474 561
4485 356
4244 486
4832 860
30 439
4781 539
2540 261
3813 514
3446 173
3888 329
1276 467
2974 326
4132 635
3956 854
3326 41
1228 967
2438 16
856 527
1720 490
2986 965
1106 316
2258 911
4626 76
3424 893
486 810
1483 143
233 364
1667 658
2636 57
3302 247
2273 162
2060 484
1105 143
4862 774
4792 598
1994 426
1743 973
2686 591
4063 542
2750 965
99 951
3234 197
2692 116
2820 150
2270 354
4679 110
936 644
282 811
4165 225
1108 170
4407 372
2095 868
3366 658
3455 651
3560 747
772 146
1715 196
956 191
1733 290
2323 591
4557 681
1353 530
1916 245
715 326
4979 673
54 932
438 711
1743 944
1297 714
577 888
3332 964
4670 110
4361 770
4674 198
317 337
227 324
993 1000
2016 589
2636 792
2144 128
4556 986
536 548
4792 493
4768 977
1972 859
1228 390
1636 709
4275 957
4505 790
1034 220
3737 125
3103 681
1181 603
508 239
3016 577
4443 565
2098 899
3816 739
2383 867
1571 585
4686 790
398 395
3827 28
4154 361
4569 121
2993 533
1259 45
4078 786
178 974
2328 120
4908 221
305 432
468 122
4993 657
3553 67
1762 715
1770 668
3610 201
4957 619
666 188
1803 322
311 733
4004 343
1471 462
3660 342
1627 112
1014 843
4486 355
4698 736
2923 774
3316 166
3024 843
2635 171
4656 183
3670 363
4235 460
1816 649
1934 985
2379 989
1906 920
4712 243
4147 376
1146 436
4734 408
268 877
2210 529
655 774
861 954
2332 136
4869 413
2801 132
57 728
4481 442
2522 335
1130 743
3611 282
4498 98
3087 504
2277 850
4418 329
2156 435
3828 772
4846 592
421 631
3499 834
1928 723
2784 839
4501 74
1251 525
2431 572
3432 479
3862 460
2136 7
1780 49
3843 405
2044 425
1320 317
767 277
3217 324
4785 315
4963 737
3341 832
3509 246
4996 18
1684 149
360 159
2935 143
1271 668
935 804
1757 62
4422 582
2916 548
2080 203
1906 692
2887 767
171 129
834 606
3510 20
3078 848
1034 507
2718 18
2490 544
2077 112
4479 8
748 590
2388 145
4400 708
3663 786
1962 294
4996 228
1755 771
3322 867
912 739
430 917
3999 631
2412 501
4314 999
823 543
1252 916
1691 696
406 749
1537 118
101 372
3252 108
4278 209
265 486
4627 1000
2650 776
3088 924
4142 507
3273 327
1269 251
4866 64
2771 455
4853 353
3843 183
952 967
3553 184
828 763
3373 27
885 907
2089 615
1296 17
708 873
354 778
1898 879
3187 145
4028 630
4842 32
2933 217
1796 162
3177 775
3320 820
1486 814
461 946
4307 687
1164 920
732 810
3856 67
468 638
3278 922
4362 888
2085 734
1521 746
1445 539
3883 863
2082 409
3270 617
2843 691
3719 249
781 860
3889 711
3918 347
3016 693
1562 411
1722 552
2679 136
1540 873
2862 980
4702 983
3333 18
2966 410
2857 737
2579 324
132 302
3399 903
4460 994
3969 259
3283 853
2137 334
272 290
2017 168
3971 855
2868 718
2909 949
2812 657
2706 198
4618 67
1086 524
3804 323
209 513
3085 178
2588 581
1707 675
4694 432
2284 495
1814 833
775 491
3654 822
2612 25
231 165
4002 274
1215 500
4269 331
1161 673
4454 13
1964 630
885 161
1486 748
4565 81
2370 323
973 967
3506 473
3087 550
4723 730
3922 430
746 164
2174 869
4542 621
448 45
1476 34
1989 593
2289 660
4215 943
1963 150
2228 552
2726 688
2290 688
4946 655
504 397
1840 917
3553 732
585 832
1853 548
378 702
4379 184
4768 356
22 488
764 963
4828 381
1284 887
2751 936
1843 130
2848 474
951 296
4727 704
1060 665
4250 882
3261 184
1432 578
3720 782
2963 358
4873 589
1212 338
1890 456
3429 803
666 195
4048 12
871 959
250 459
4410 632
2094 798
1123 247
3084 689
10 482
2468 149
4504 889
1491 306
2156 877
385 751
1519 289
1649 855
2681 333
4046 898
222 45
3244 213
454 379
1490 232
1826 66
1632 700
878 49
577 722
1157 23
2174 612
3467 240
2106 170
4594 535
3219 787
4949 141
1021 198
4885 798
2340 999
4249 846
3969 617
1475 636
4640 394
3636 258
4857 591
2812 275
4558 597
1752 333
649 530
4315 997
836 746
1992 561
1093 864
4560 685
4342 317
2550 96
4687 542
4844 648
4896 665
2817 787
2353 425
798 973
1559 371
2425 175
2977 256
4596 687
3489 360
1068 125
763 687
2383 368
3828 816
1251 272
2814 71
4329 994
3520 75
3811 154
735 887
96 62
60 592
546 470
2152 385
2969 79
1049 469
877 7
4083 22
4484 172
484 743
909 466
4324 617
3996 378
4480 801
1596 64
204 635
1301 917
1274 504
1044 460
322 341
4662 101
3838 990
4424 889
3818 859
2434 293
1174 560
3082 779
2567 687
3585 838
989 386
2060 739
1377 734
1195 303
4809 741
3819 81
4340 454
2437 528
468 674
2479 410
3203 171
3858 593
336 984
2607 227
3162 358
3550 708
4437 764
86 860
1450 418
463 243
3852 7
749 449
65 93
3735 225
296 450
299 963
905 87
3226 188
3362 811
1667 901
4014 629
723 34
35 487
2494 477
2982 220
99 26
3229 913
227 204
2738 776
4832 933
4878 30
980 683
3082 839
173 548
4632 829
4459 432
3473 805
1897 186
335 591
2585 140
3462 317
3683 717
2886 174
4399 827
4869 375
3909 511
1113 985
2676 918
2485 657
3005 154
994 565
3577 274
883 434
973 204
146 89
1003 334
1933 824
3689 74
2037 945
4808 618
1069 380
1562 594
588 982
827 566
4640 521
4913 457
1320 841
399 175
2089 548
915 985
3619 12
2539 935
4285 617
4104 35
3764 332
3186 42
4568 918
480 162
3249 517
4374 510
278 667
2383 434
4561 203
2550 122
3380 685
1821 796
3181 729
2757 288
4707 118
3850 84
3302 501
2815 142
2035 230
2416 592
2165 745
4292 290
1711 633
930 944
2296 280
1921 129
625 949
1863 443
2231 786
1410 235
295 105
1639 544
1108 104
1431 468
1648 910
2772 137
235 329
1445 743
2800 984
4735 391
3775 687
3869 384
4537 285
4747 501
4509 747
2607 872
4635 44
2889 115
3290 167
2196 192
3244 959
2377 888
4643 637
2716 287
2180 808
1023 569
1693 438
230 947
2374 804
3979 502
4505 5
2184 733
4428 953
4862 895
4285 818
451 549
4057 182
2858 949
3294 283
2186 918
1564 818
3721 837
1058 673
4784 777
3067 7
413 123
3755 20
3678 471
3195 475
4138 303
658 453
3223 688
3274 100
4613 898
3048 801
4764 227
275 501
3097 171
370 347
2253 904
3400 874
3591 873
4971 578
2682 342
193 869
855 968
52 764
3758 522
2226 394
702 594
3349 736
2453 377
3950 846
2484 12
4118 574
4376 512
978 600
3742 318
4470 708
4854 164
4325 595
1267 564
1961 115
1922 582
3039 691
2488 589
734 295
4402 308
1110 41
1061 538
3409 422
24 332
2690 225
4480 508
3539 665
1066 862
3903 961
2363 665
2076 45
2178 43
4324 479
197 416
1650 120
2937 981
3894 587
2315 347
1955 37
1029 153
2306 747
232 481
680 432
1104 277
3664 772
3165 495
3317 771
211 706
3354 44
3563 445
2295 461
4947 172
367 259
2434 350
3783 346
420 192
778 213
4070 752
395 295
4975 968
4065 457
2843 172
2794 733
2363 508
3513 973
1354 901
3835 759
1082 298
2816 75
4513 358
4660 629
777 950
1086 962
2273 563
1854 266
1606 386
3314 597
469 425
2164 309
1891 115
574 819
366 154
155 562
3687 149
2469 302
2633 562
4864 643
4956 204
3222 71
3225 387
2770 333
1143 348
1673 779
1688 596
1150 68
3563 980
1630 79
3706 437
4905 986
3734 830
2335 32
3587 111
2758 639
3043 373
4180 394
4113 970
4305 6
1664 705
4940 454
2404 137
365 18
3050 846
93 103
1657 717
1260 695
1174 799
4845 735
4874 223
3486 432
983 163
424 932
2287 668
2664 585
2330 146
2192 335
2895 679
1563 116
1428 342
916 847
1982 25
1894 923
3187 922
2986 252
1137 608
375 95
3512 925
2122 202
3840 601
4182 381
329 413
2354 601
826 238
944 206
1731 272
4535 274
2185 749
2076 479
3773 98
1790 271
4884 149
991 706
198 497
3644 244
4679 990
1083 460
684 717
1161 348
1675 136
2884 34
1048 592
4159 29
4548 155
467 41
1801 633
1274 631
1980 29
1466 294
2805 45
3170 758
4100 22
4381 615
2399 525
1010 147
2869 653
2852 846
4869 930
3579 550
2483 779
1504 123
3516 263
4890 491
2968 859
1524 342
3538 747
1073 570
434 719
4016 324
1118 70
4077 148
99 280
591 69
1756 787
3950 897
2276 358
4659 573
2733 425
4422 337
1213 434
2367 816
1098 854
4561 929
1757 587
3534 12
4112 987
2896 158
61 868
307 977
3695 23
3736 418
3506 565
578 508
507 345
2452 590
1756 381
3646 375
3839 261
4002 157
4538 589
2369 34
4081 680
2374 215
3829 702
1220 221
4838 366
3846 633
4101 786
4280 479
2931 572
3598 309
2405 475
2310 216
3213 784
2036 642
2190 266
4519 322
4473 674
119 750
3473 111
1204 604
2249 107
2342 608
2755 330
1105 579
2102 250
1698 688
595 779
1076 430
3470 582
127 845
4622 71
2025 444
1144 581
455 51
2756 579
1455 632
2968 148
3810 635
2593 96
3678 930
59 232
1791 16
167 328
4504 455
4972 18
3851 620
2183 826
4133 290
663 847
2733 126
2966 324
4060 422
2978 55
2846 468
4492 942
2724 1000
4321 574
3286 277
4134 861
4497 361
3709 336
1292 545
212 79
747 291
1048 73
977 861
4677 126
497 768
1341 686
4795 779
116 13
221 17
2848 486
900 264
2979 291
3272 104
240 428
209 985
3760 979
3509 648
4423 52
3319 893
3446 154
2659 219
1173 409
4686 263
2877 56
3862 781
3996 310
2030 921
207 116
13 273
4552 235
2889 371
1934 785
3862 370
3798 852
4663 134
2744 292
974 582
3751 249
641 995
4656 871
2486 348
3299 945
1177 350
636 201
3540 160
4905 237
2611 855
4780 716
555 806
1079 973
3371 333
181 377
3176 640
4873 322
4537 436
3328 169
3640 565
463 990
4090 410
2361 563
768 104
2630 32
3886 696
95 609
3214 570
1961 588
4260 165
3749 165
2434 786
2916 684
54 859
4874 257
2955 21
777 614
3795 545
2445 949
393 888
4889 910
4662 4
717 662
4854 453
68 474
96 105
4506 351
2392 698
953 243
606 421
1609 150
3995 412
4207 457
4994 984
1040 755
4439 372
1409 430
1966 135
676 831
4511 112
3820 573
2345 315
1257 54
2069 28
4073 495
3209 571
4381 748
111 172
1744 706
1449 25
901 366
1935 462
2951 266
1594 555
4869 200
4393 193
3924 856
3209 208
3827 495
4785 285
2725 51
2288 982
4193 891
521 512
2307 135
387 855
4291 23
4583 228
4418 836
2782 28
15 994
2191 582
4827 249
4813 36
112 877
3180 821
1185 409
3437 644
3283 95
4688 294
3355 495
2085 458
1268 738
623 925
529 822
1322 348
3002 278
4726 540
2961 301
3655 418
3474 190
872 253
3291 339
3531 435
4819 478
4622 170
3824 987
4502 338
369 721
744 320
2530 135
4766 217
3585 105
4792 135
4403 652
1016 519
172 448
4610 25
2868 771
4942 961
1898 215
976 163
2256 185
674 681
2955 670
2982 947
3525 371
2021 693
2804 946
1422 832
742 135
4847 994
2214 837
4498 345
279 858
1124 573
4538 287
889 525
3456 647
1918 856
3085 209
3627 102
2715 372
3239 941
851 733
4292 244
2848 306
2708 293
3469 629
1839 219
2571 244
455 531
2914 582
1091 413
450 944
1953 574
4228 335
997 300
2958 389
212 382
2456 955
1239 857
4353 688
3704 159
4288 893
496 88
4606 798
1016 667
2816 985
1504 35
4745 47
2299 530
1001 619
3766 952
3878 839
4912 637
3487 774
3203 800
317 384
4278 294
4790 595
102 291
2439 566
1535 914
2860 49
602 185
100 531
1205 878
1364 144
1672 409
852 936
596 180
305 316
2179 420
594 589
1148 409
1889 503
625 973
2522 543
3454 307
3363 215
724 736
2987 104
9 193
3286 212
1627 892
4023 579
2059 170
594 970
3779 683
1468 458
3650 933
4852 39
2923 826
3716 851
577 317
3015 494
3904 65
3443 802
2595 25
1959 955
778 165
3072 411
3555 43
3803 346
4579 60
1516 107
2618 567
1553 215
76 563
222 766
1653 802
4658 367
91 858
4488 192
2445 912
1128 554
862 945
3193 345
2436 245
2369 670
572 196
4205 534
357 141
4355 174
396 167
405 961
717 675
1470 299
3611 732
1690 585
2256 823
1511 662
3233 761
3034 91
2389 27
3098 725
763 932
348 629
2904 711
1677 893
3900 884
2122 491
1107 811
4946 258
2619 730
1411 455
4130 944
128 689
3989 579
4341 896
4469 169
2952 293
1600 163
1194 759
2905 92
1754 46
4453 604
3127 51
3472 853
1976 784
4728 776
3223 366
2046 85
2571 679
2809 243
2182 166
65 12
3193 560
1913 105
1722 348
491 778
2347 868
958 365
3878 827
987 670
3918 175
769 564
943 253
183 258
1203 951
1458 372
3624 249
3651 570
4104 580
4573 944
2443 776
4549 371
49 840
395 470
4912 910
1208 635
3067 557
249 842
1146 860
1906 392
2154 262
3557 343
4239 888
1786 708
890 945
4774 350
4343 363
4634 257
3307 59
194 439
907 715
1942 292
2045 495
3320 924
4113 502
584 911
1371 420
4076 350
3685 873
4481 146
1946 538
2726 545
583 532
490 842
4399 325
1909 283
3868 429
3465 435
2858 457
128 531
3170 801
433 259
2957 194
4403 421
3228 871
3365 549
2493 309
2097 689
705 579
1284 848
2501 76
4867 228
3259 279
245 859
3093 132
982 861
2818 233
4790 742
2221 610
2030 795
529 635
4424 668
89 898
2368 822
4535 165
2651 566
19 728
1131 103
1329 643
117 125
4928 781
4716 148
4799 309
2448 283
3380 455
1231 679
3485 603
3674 505
667 220
2216 965
85 161
3861 700
3605 520
2845 366
4515 71
2913 996
1064 98
1551 869
3901 566
3708 163
35 48
2534 259
860 160
3727 1000
4254 708
1091 103
4346 879
1968 592
3878 811
4262 363
3004 108
4608 936
3773 554
1501 734
2666 409
4844 725
2959 937
4396 1
542 710
2094 631
1811 739
509 47
3570 813
203 432
740 570
1173 3
4386 674
4324 288
2613 711
1964 930
1334 525
1126 809
2019 238
2297 348
479 428
738 950
3946 71
3650 126
4424 235
3923 259
562 861
2295 856
4353 13
2523 491
3042 372
959 811
2325 861
2347 397
564 349
2092 770
4680 337
4670 277
2387 933
3406 251
2226 271
2244 565
3711 859
2453 333
1318 24
1874 283
950 851
2678 421
1767 573
812 985
4921 846
4908 949
1951 275
79 410
3426 952
14 181
243 360
2785 756
3935 100
4422 402
547 439
4038 99
2222 708
2417 224
1880 613
3219 386
1857 263
1921 914
1416 241
2378 599
1113 171
4549 704
2297 863
4233 914
3324 746
634 74
4818 644
4746 479
650 556
3481 535
3989 773
674 166
306 999
2042 239
1913 106
3093 648
691 123
4674 279
3432 69
901 957
1350 855
4004 918
594 444
3883 161
3639 513
2246 909
2952 257
4600 683
2091 426
589 151
3098 505
4272 271
3105 974
1188 545
4553 870
1055 589
1099 807
2498 298
2616 27
963 527
3187 875
2201 405
3998 418
4630 540
4240 103
2467 672
448 287
2333 372
3451 972
4721 786
35 673
4417 974
1852 87
2633 112
2447 410
4160 944
229 943
4381 595
1048 40
2760 488
4053 59
613 590
4714 326
4912 43
2192 361
2561 770
4928 186
3320 463
786 798
3395 671
1068 493
2664 268
3009 70
1521 659
3832 798
2310 327
3404 74
3857 149
853 136
4497 387
2514 954
3868 521
1284 288
3576 444
1527 417
2678 306
754 48
3854 479
4488 356
1210 348
303 801
3702 419
4711 241
900 795
180 134
1359 278
1766 886
3805 363
3321 63
2099 497
2505 200
1470 99
496 812
3277 194
4720 196
3018 69
3132 421
4847 251
704 505
1822 325
4668 89
3938 773
3445 64
4862 310
882 413
4073 136
71 782
973 241
2165 445
1926 867
2671 249
2743 251
1404 859
4978 284
3518 408
329 384
2649 777
3524 718
2366 321
4699 637
4757 133
182 354
1835 518
4981 832
1099 287
3779 971
3012 330
1653 749
344 657
444 519
3529 397
3606 288
4306 825
2911 341
1532 554
338 10
4269 41
2240 323
4554 468
2015 268
2970 123
1217 122
2293 508
1484 801
3834 418
1040 754
2785 616
2847 502
15 523
3508 498
1965 799
869 734
4194 932
1879 571
3258 828
2497 808
1553 361
3028 691
4030 216
243 307
852 537
2425 590
2339 560
1642 993
4902 277
3881 155
3978 161
4959 118
4397 826
3380 375
3765 452
324 93
2174 973
950 12
3470 860
257 515
281 486
1393 442
3881 279
1631 953
2103 112
3697 551
4544 192
1245 543
562 920
2825 952
4077 774
1274 572
2727 876
3100 881
2180 307
3798 215
3941 443
3872 13
4365 12
1639 531
2815 926
4435 735
876 359
1460 266
1662 79
2723 452
64 363
3412 578
1759 348
2562 666
968 155
3875 944
1561 81
122 512
660 462
3881 568
3511 178
2902 438
3490 45
1858 210
460 968
1740 849
2270 757
657 188
2285 557
4786 900
2862 942
902 286
3333 997
3083 235
872 339
3885 452
4254 118
4663 60
2670 505
3488 989
1431 283
1543 360
4118 907
4222 237
4917 967
3547 452
162 114
1470 213
2298 802
3574 738
652 235
1165 353
2091 26
741 631
4476 234
4097 39
707 546
4513 215
418 893
4746 809
4922 836
3525 387
2817 821
2327 532
1633 328
1857 679
831 983
3660 718
4615 980
376 103
1596 989
3931 736
916 394
3537 786
3375 730
3474 291
4503 688
2418 376
3636 390
3815 404
4616 949
4376 596
1517 417
57 161
3549 123
767 308
1879 772
4062 990
4490 519
525 689
2720 539
1791 305
2646 646
1329 618
3847 435
2292 602
1999 262
1561 86
2578 754
4830 193
1420 930
3408 223
1231 237
2203 467
829 902
1944 27
2772 460
2689 427
3589 528
1477 508
2353 560
360 904
2541 942
4459 1
4035 7
4774 611
1202 531