905
61 190
147 256
498 789
875 1038
524 688
645 884
609 652
475 761
351 431
1277 1386
203 467
355 522
367 630
294 589
829 885
1103 1396
158 412
1015 1306
800 838
865 1092
581 689
189 351
1176 1369
285 417
102 244
504 797
643 717
288 535
868 1157
220 239
342 639
80 322
660 806
83 322
588 732
1233 1303
1150 1264
2 147
384 526
841 1109
1072 1168
757 790
995 1083
170 412
169 344
310 515
954 1141
312 393
134 271
568 695
553 790
1076 1194
1270 1438
344 497
953 1084
771 806
584 856
1065 1327
64 128
944 1123
1084 1299
1234 1439
709 1003
397 651
307 408
281 292
191 393
30 150
912 1045
467 622
87 311
711 838
120 228
1147 1236
112 273
534 799
222 273
382 415
1156 1216
51 64
923 1152
1234 1435
34 83
211 305
42 96
407 501
814 1016
898 1128
73 348
1188 1389
706 899
909 926
1243 1348
507 779
188 234
488 664
140 173
132 217
41 262
1075 1185
64 245
879 917
91 352
1188 1226
817 837
788 913
4 69
6 132
722 862
1279 1437
625 742
1022 1276
126 337
166 277
397 435
776 951
320 575
305 486
414 487
266 421
941 1196
819 956
45 224
850 909
638 676
1215 1433
1245 1436
268 363
285 314
1110 1131
1009 1150
43 338
287 306
1059 1121
174 415
1157 1187
141 416
907 960
395 459
260 489
931 961
1065 1082
1136 1225
255 509
844 1042
297 492
1274 1400
1059 1158
756 937
779 968
1212 1227
929 972
1009 1135
1022 1132
500 701
683 702
986 1101
493 771
807 938
119 203
604 697
238 385
437 584
1141 1306
287 422
673 942
477 490
529 796
1072 1185
715 792
200 301
360 487
620 811
263 545
711 887
212 446
183 411
733 872
1210 1383
720 821
1219 1432
199 302
678 726
378 506
11 33
1153 1336
809 846
943 1120
331 524
360 457
321 485
1059 1180
166 352
634 931
137 152
459 705
874 997
852 923
403 466
1015 1139
1067 1127
260 287
336 388
1235 1395
186 430
230 498
151 385
256 355
1006 1137
193 358
809 876
758 1045
1201 1282
462 717
734 1012
1297 1439
515 773
1005 1104
135 274
1212 1283
131 347
123 226
341 506
486 747
159 424
7 75
948 969
944 998
1275 1432
303 547
97 363
960 1108
730 809
613 661
410 589
1089 1171
964 1177
652 792
1092 1282
52 351
664 726
1251 1297
435 563
139 277
1088 1227
211 334
335 610
990 1134
31 117
939 1123
709 917
1229 1325
323 412
461 684
30 303
449 515
401 428
923 1151
1136 1228
239 439
303 407
705 897
1286 1317
357 588
594 766
647 688
21 100
47 309
548 560
335 620
1246 1363
727 823
229 245
390 686
567 753
916 1131
992 1010
64 169
306 389
768 807
1250 1320
225 304
790 863
752 881
71 199
374 536
1140 1326
367 507
1261 1377
950 1190
1240 1253
800 1002
940 1233
548 799
705 842
663 705
1096 1135
838 1109
1190 1299
630 915
792 892
410 561
444 483
1077 1206
154 250
1246 1360
223 268
534 576
682 861
487 701
926 1023
1254 1283
1164 1343
874 1053
869 1061
307 429
1015 1123
652 672
22 149
1114 1414
579 604
47 251
1269 1438
800 944
1259 1433
1218 1374
750 765
657 761
403 549
101 122
250 337
1252 1430
109 121
117 152
160 348
812 993
375 446
352 514
971 1066
910 1102
242 281
887 1056
121 170
77 111
1180 1438
468 676
996 1135
834 853
742 1010
880 1173
188 471
671 745
67 273
788 898
396 586
78 285
1172 1275
8 100
374 569
666 872
444 501
708 764
758 981
1097 1364
1274 1347
384 508
960 1060
472 562
897 942
445 661
77 139
643 908
122 364
439 513
189 261
826 868
605 695
403 643
214 315
789 972
1264 1298
735 746
625 707
1 259
666 749
916 1119
816 889
628 871
420 644
1238 1430
787 1031
278 446
1131 1196
706 999
625 899
39 149
853 1078
98 192
1163 1294
281 525
378 593
234 337
809 1002
724 797
671 960
658 694
497 525
379 483
696 753
1048 1313
177 395
93 121
1136 1163
1034 1219
755 1048
966 1131
784 937
315 571
549 621
471 709
441 587
487 609
464 661
1263 1375
1137 1283
145 305
1294 1316
387 673
1119 1158
760 771
1160 1403
909 1116
1163 1272
1238 1438
777 1049
1001 1042
689 740
1163 1362
1192 1330
438 463
80 97
1148 1371
380 655
531 678
1278 1439
619 793
727 737
1100 1310
31 292
1253 1438
1106 1250
465 506
260 370
783 821
608 897
941 956
656 733
87 155
208 325
1175 1349
1076 1294
1207 1393
108 177
273 510
1121 1225
850 1105
880 1102
629 761
932 994
117 361
104 152
1219 1382
284 345
756 854
536 665
603 849
437 531
1133 1320
931 1046
630 676
882 1077
615 771
421 659
944 1160
714 829
1023 1310
630 656
5 158
1171 1342
243 279
1104 1139
115 266
636 709
585 721
1209 1276
177 288
1094 1275
602 695
305 354
679 970
738 910
1105 1245
361 470
1293 1434
479 769
577 594
98 214
489 633
387 620
1265 1292
911 969
977 1174
1299 1439
1011 1294
1135 1406
216 455
1095 1335
236 502
344 554
198 320
364 516
1234 1431
1037 1188
214 394
1241 1416
927 938
921 1217
498 698
621 648
448 585
195 228
654 665
26 76
706 778
788 998
621 877
218 372
183 320
766 859
1215 1382
652 761
626 867
106 346
136 392
988 1202
39 121
213 401
477 502
956 1117
178 243
853 879
856 1110
790 1004
468 638
183 360
1127 1228
513 636
53 114
501 655
1206 1434
826 961
961 1096
968 1121
301 313
300 452
1222 1234
61 284
231 361
1280 1307
457 531
989 1105
668 912
936 1184
147 339
819 922
1066 1186
983 1112
1274 1376
1222 1303
1145 1342
874 1022
101 112
896 926
412 446
1051 1118
838 973
1150 1403
587 663
195 434
146 238
1135 1340
447 552
393 578
970 1126
1200 1414
78 262
73 324
299 589
927 1009
1289 1423
1079 1246
63 333
888 943
204 280
501 545
1044 1148
946 983
622 871
1253 1431
381 625
323 501
852 880
85 242
437 539
527 624
989 1272
173 375
291 554
363 374
1004 1135
606 683
329 454
733 746
799 988
1051 1177
610 811
737 1031
12 31
925 1025
395 410
792 1067
761 1003
225 354
438 483
934 1121
992 1035
543 555
541 755
416 623
469 527
638 899
1001 1135
810 1002
433 648
444 711
207 298
239 470
215 348
10 181
726 915
181 303
596 861
1149 1169
466 646
699 925
738 930
1297 1436
591 610
1082 1154
514 626
697 977
870 1141
976 1093
98 332
706 744
465 624
917 1177
213 406
744 755
111 244
21 85
689 877
178 455
1023 1159
999 1024
597 895
9 96
149 228
406 676
1106 1315
98 166
465 692
1228 1402
326 533
274 484
586 786
1209 1436
774 855
68 93
402 470
447 583
448 523
294 331
1022 1070
567 857
826 1124
389 639
190 466
258 336
838 1120
1258 1347
539 609
453 485
1059 1354
876 931
1132 1144
384 619
115 158
52 81
1079 1299
1091 1278
1025 1204
457 597
793 1070
354 400
649 892
1216 1422
524 593
937 1035
517 545
793 1037
887 938
1243 1290
677 725
874 1096
18 300
1297 1438
769 943
867 992
1272 1438
160 285
535 693
1103 1380
1058 1225
564 779
638 822
596 610
648 778
693 953
295 390
1028 1166
587 841
670 755
917 997
1008 1147
1197 1295
215 325
158 180
1220 1434
833 1071
1279 1433
677 744
344 537
1242 1351
797 1012
1057 1100
162 407
634 848
667 897
26 80
262 354
846 953
907 933
597 721
723 940
515 600
501 530
582 781
1177 1332
251 484
160 350
829 923
1190 1322
433 712
478 673
8 152
310 474
498 568
159 335
567 645
547 817
1128 1362
1067 1345
1150 1160
338 621
436 525
301 578
413 461
906 1204
507 767
1100 1332
1069 1215
969 1022
658 821
414 455
751 1009
1234 1422
848 965
1133 1199
940 968
505 607
885 989
392 611
1104 1225
1275 1437
888 1019
220 503
1145 1194
1163 1376
1263 1430
357 639
1260 1431
1068 1335
703 787
833 1104
781 1081
1068 1110
933 1105
805 845
583 642
379 506
752 845
748 915
1054 1143
1263 1326
1287 1362
997 1070
933 1145
562 756
755 946
485 621
653 840
11 187
270 397
20 85
992 1059
503 707
301 519
959 1253
1239 1382
1098 1225
1064 1194
594 802
778 953
119 347
633 768
177 453
194 317
267 533
244 341
923 1132
1099 1363
232 437
63 81
521 630
448 688
1137 1431
287 473
293 321
345 382
381 418
417 444
305 486
427 534
24 227
1231 1284
423 509
1259 1437
1245 1261
867 965
623 703
1291 1434
1206 1271
559 676
1088 1129
148 181
349 426
986 1078
1257 1436
553 622
514 761
1187 1436
458 535
894 953
274 475
954 996
433 706
719 945
370 383
198 484
305 513
265 491
297 380
1030 1251
308 348
330 563
258 402
1169 1434
1116 1367
991 1063
367 499
1153 1303
482 516
34 95
1300 1364
