8085
362 752
42 25
145 71
513 372
516 1
383 382
51 206
91 555
523 433
198 790
196 829
714 984
864 251
944 354
484 338
678 158
966 954
666 375
870 351
202 253
896 404
123 363
273 779
596 63
723 221
643 750
313 634
68 831
345 107
93 244
448 661
741 707
770 498
402 483
329 107
858 621
62 116
443 259
204 189
346 79
476 692
664 652
927 825
696 882
418 988
890 982
689 262
128 115
188 450
157 60
397 745
211 916
185 432
257 668
596 665
836 984
894 655
921 96
39 102
545 827
139 731
709 227
320 727
2 210
939 299
576 329
437 651
959 553
96 744
282 258
14 575
978 69
469 924
93 699
527 300
306 10
110 209
333 320
684 679
880 931
498 353
580 898
787 402
647 713
867 333
21 916
953 893
273 239
518 429
710 306
431 464
183 866
604 126
752 995
929 483
954 884
954 953
414 61
494 99
614 358
820 444
807 220
635 745
825 281
360 738
952 888
173 462
801 878
315 762
569 526
88 563
748 657
827 724
303 673
883 47
232 717
101 916
334 277
272 88
355 570
897 896
582 12
115 674
447 81
502 18
433 398
193 730
531 701
376 978
844 109
249 719
998 884
772 575
48 145
724 699
562 574
136 429
311 627
142 828
579 159
357 594
411 431
640 277
516 93
340 346
214 636
475 458
904 934
317 429
429 943
774 256
652 956
838 846
542 115
490 266
230 115
962 686
191 262
988 487
163 28
188 996
966 877
833 69
765 505
381 824
487 886
557 350
60 342
335 34
768 769
501 67
689 20
476 787
167 806
247 205
883 735
398 775
670 16
384 265
195 838
521 332
6 587
341 376
741 209
692 665
282 335
166 630
893 547
91 777
250 527
712 361
108 856
7 952
177 638
944 187
316 494
14 278
625 51
904 329
75 426
848 71
283 696
704 421
695 264
149 260
718 962
403 572
426 30
475 38
725 377
693 775
804 648
318 414
139 716
559 289
22 586
385 379
595 816
984 192
80 248
708 888
390 723
504 525
939 462
511 387
931 559
577 85
165 128
791 598
170 548
965 721
340 299
138 168
290 983
125 589
26 652
104 507
589 872
238 589
914 97
597 716
502 416
203 783
131 313
696 162
172 492
846 514
38 391
371 838
194 225
563 424
49 172
624 144
718 623
703 953
111 559
769 723
262 407
959 934
69 275
639 505
805 552
903 992
24 448
348 342
905 376
286 624
954 110
202 604
471 289
560 400
52 472
939 712
316 530
694 723
617 718
752 312
149 740
323 261
370 504
658 776
33 484
988 384
592 925
885 830
12 350
494 244
654 458
36 101
803 625
333 123
170 745
710 334
737 966
78 571
942 817
972 569
326 943
684 414
939 102
240 63
531 850
824 876
324 856
536 769
363 429
249 974
243 860
651 18
610 900
753 187
105 634
806 678
28 497
936 963
585 551
626 920
447 978
670 560
289 247
153 789
596 988
875 639
91 682
131 972
323 788
609 281
696 48
845 986
690 363
466 652
563 642
123 901
448 419
46 475
514 704
504 20
121 127
434 326
951 329
724 317
798 908
540 235
815 516
984 605
693 59
55 855
465 714
146 47
819 405
94 947
803 579
370 377
57 449
125 532
379 56
888 325
600 341
584 562
567 353
421 326
402 471
649 532
565 979
439 642
868 26
471 879
853 764
317 111
667 275
451 519
569 192
184 966
729 841
872 471
61 785
819 461
299 66
674 220
903 791
544 358
914 664
858 689
473 543
869 696
376 728
981 587
386 438
114 75
527 790
990 106
690 520
295 602
673 334
210 622
512 876
338 150
246 372
983 991
340 333
302 235
983 859
88 375
62 594
995 192
855 431
647 821
611 838
272 466
320 192
457 308
523 810
723 574
206 788
952 123
147 704
775 761
961 186
637 492
154 782
4 152
687 202
764 973
567 934
70 973
232 393
675 588
263 438
980 626
949 847
627 419
869 812
233 201
323 387
555 191
997 75
370 450
820 354
411 144
851 646
255 155
535 70
843 358
517 658
132 54
469 366
315 619
238 535
93 744
276 108
168 351
869 525
69 790
308 576
519 657
975 235
272 535
942 538
286 683
526 686
74 217
256 799
237 372
936 548
491 272
260 578
64 65
461 99
185 770
861 442
757 808
302 905
379 700
225 797
321 493
6 380
978 676
573 768
345 985
957 706
207 809
174 754
745 424
907 840
250 429
779 396
185 86
746 920
357 186
656 475
662 780
847 459
757 130
265 702
714 922
424 368
219 317
77 693
285 632
349 263
639 796
164 232
206 698
56 396
929 133
576 600
953 324
418 703
423 433
260 636
528 552
447 297
792 142
442 278
248 453
609 737
817 350
832 347
795 443
340 557
630 836
404 793
429 312
187 963
908 918
910 995
933 698
273 455
213 612
127 608
561 771
565 256
636 663
554 68
55 272
378 749
261 568
477 393
614 374
163 870
747 625
559 535
846 630
357 926
386 340
286 346
997 649
241 740
358 26
980 209
972 203
358 757
745 303
253 577
258 486
242 629
317 608
791 90
948 854
681 995
287 445
740 222
765 817
601 131
421 598
504 574
619 643
192 228
912 768
108 293
185 646
64 988
476 218
505 862
676 751
669 630
36 363
631 529
468 768
138 536
428 148
326 977
690 564
186 863
995 72
44 633
918 380
355 663
568 987
426 758
989 372
306 22
161 46
575 460
595 793
816 619
313 260
445 325
180 281
314 983
86 312
165 179
550 356
838 855
86 828
471 340
61 122
278 337
623 352
717 783
694 206
446 446
487 857
892 912
843 760
628 493
587 722
328 917
963 752
679 450
905 903
783 308
84 949
80 578
355 62
352 718
52 728
573 539
404 474
471 165
609 676
327 583
209 598
603 898
327 896
715 497
870 421
34 916
11 806
591 304
698 361
673 843
215 362
672 469
474 201
556 296
241 606
878 446
114 967
304 585
371 876
54 912
62 431
587 234
624 312
261 226
178 483
64 815
183 632
86 625
938 793
662 473
769 966
88 323
34 200
62 286
693 737
553 530
192 204
56 208
834 569
630 448
99 724
708 686
892 25
995 156
340 134
672 655
377 537
673 509
575 995
106 988
229 359
725 401
532 845
58 50
688 61
610 2
260 306
327 41
86 693
906 523
689 191
749 785
685 591
554 297
111 835
334 337
179 804
614 843
909 301
91 844
259 777
586 949
274 878
534 18
224 451
741 939
884 453
66 727
148 360
65 632
502 855
159 740
162 2
49 178
982 922
711 53
373 799
580 996
329 34
547 238
293 169
324 860
537 82
73 362
151 395
724 273
525 973
532 20
354 494
264 618
104 950
917 508
285 721
217 607
244 271
516 672
743 4
703 660
789 611
119 147
849 616
999 178
506 674
946 85
662 706
556 397
81 30
260 931
858 515
275 294
767 997
718 504
987 920
758 394
275 371
648 441
313 237
783 64
117 710
394 714
972 819
580 856
649 953
79 571
557 645
705 93
665 656
202 304
480 30
688 929
83 808
589 826
584 701
402 493
834 439
277 594
949 893
198 111
363 465
75 240
464 761
351 239
717 653
11 487
505 821
577 398
139 454
3 425
226 952
283 763
913 653
977 253
150 548
34 428
624 835
351 560
955 47
650 818
939 870
39 491
323 6
228 67
191 462
761 726
42 552
10 874
907 980
252 538
413 460
661 65
279 784
907 154
736 241
325 986
645 775
152 701
680 559
658 993
957 400
271 284
53 596
776 253
766 796
311 994
779 239
427 728
467 599
846 526
672 167
809 195
247 287
644 505
922 286
968 937
829 9
666 667
130 668
294 957
945 814
841 940
215 264
848 290
487 866
30 242
434 616
871 146
828 599
750 924
577 671
644 14
553 989
459 927
742 473
670 450
504 983
113 437
814 696
883 859
335 121
857 982
245 310
643 56
298 246
824 314
314 265
681 608
687 769
176 740
46 170
741 101
94 318
426 534
230 22
522 896
993 863
928 448
258 664
580 562
873 453
561 922
52 839
489 463
786 122
184 532
412 439
643 349
157 340
48 287
663 585
756 511
402 425
664 88
563 918
422 878
40 230
170 873
281 330
817 469
888 601
803 803
532 117
326 553
733 451
487 299
29 610
235 335
506 394
803 936
324 993
121 261
80 423
253 645
516 232
897 24
674 184
681 96
174 188
825 389
95 737
363 11
396 535
619 724
459 223
270 547
119 881
353 984
631 563
848 253
831 617
869 882
289 304
691 828
575 596
66 851
587 618
29 533
126 903
864 322
907 249
88 643
722 944
709 949
238 508
372 984
29 981
867 828
926 726
322 525
968 52
268 674
201 760
854 191
301 22
511 506
168 909
132 695
912 181
450 653
348 388
540 376
436 300
452 227
598 954
867 87
550 757
679 604
221 645
345 228
305 131
489 282
334 322
619 98
997 440
170 341
301 959
119 17
711 822
624 807
963 145
432 584
835 23
300 3
668 657
178 756
563 767
370 638
359 258
63 580
560 196
524 491
99 866
674 202
686 958
467 915
315 530
871 500
83 151
539 928
298 762
935 372
306 356
224 871
963 474
363 803
602 814
863 55
158 127
644 826
305 545
318 971
63 994
542 108
885 731
755 595
542 256
51 478
884 541
327 724
146 335
567 662
885 262
565 884
838 732
566 390
33 397
658 274
538 617
845 301
927 384
756 940
277 78
767 697
295 261
931 406
398 217
450 766
137 631
671 443
888 383
66 336
97 179
700 339
291 505
281 748
455 620
916 994
806 778
848 338
230 457
768 683
124 269
535 988
715 669
260 333
577 597
803 484
153 958
405 738
612 54
64 89
355 77
55 513
995 688
77 5
897 726
280 640
284 868
632 276
166 219
319 78
687 721
753 232
116 514
441 839
279 91
557 140
125 274
734 277
512 425
218 364
904 209
3 49
355 620
621 927
966 317
479 15
346 588
645 98
426 858
77 339
565 948
66 221
340 471
708 999
603 700
856 515
58 438
671 136
91 940
639 102
212 834
24 317
851 933
285 243
363 388
942 861
702 537
420 541
264 115
118 582
66 926
662 137
82 790
176 630
32 108
412 667
687 435
840 790
249 444
361 92
317 239
34 387
419 408
836 18
614 884
69 633
403 137
930 219
967 431
799 810
677 762
546 818
152 993
227 437
990 838
899 198
569 964
11 693
519 150
644 124
454 126
180 861
674 746
941 218
160 183
277 484
309 761
454 61
602 817
19 827
70 757
756 565
676 737
446 501
713 52
481 790
687 672
555 531
714 867
432 807
802 44
577 839
984 352
670 496
394 341
978 654
980 206
387 340
95 524
361 334
120 916
266 799
934 113
333 984
813 489
421 254
631 358
77 308
180 672
533 30
326 769
587 181
276 792
983 498
505 840
439 552
156 677
274 247
274 357
106 192
225 568
818 351
759 912
364 497
372 232
932 885
583 243
860 427
750 89
371 571
760 268
696 855
540 523
342 344
958 769
608 636
412 596
200 485
366 768
68 800
383 110
444 704
292 434
461 496
351 34
286 434
357 290
303 856
55 650
885 999
951 119
595 934
477 866
826 747
586 758
183 488
424 94
784 597
84 891
628 42
128 198
632 330
267 16
93 383
673 197
590 36
413 563
988 683
906 187
689 133
165 74
201 246
22 942
569 451
225 327
491 250
286 561
593 914
701 503
34 296
268 287
390 98
382 264
179 366
87 2
388 49
169 953
887 988
444 105
931 110
815 149
475 286
800 909
688 885
502 251
695 505
112 116
469 273
111 727
282 401
508 746
889 29
811 837
851 336
930 894
180 532
573 466
887 265
560 569
316 851
396 562
96 787
15 576
984 282
196 357
459 954
447 534
9 301
301 143
606 311
975 71
461 850
647 151
891 163
569 99
746 504
622 977
506 830
655 577
958 933
585 287
236 755
572 713
34 765
565 805
842 176
465 11
112 590
631 592
956 267
656 806
656 16
497 238
497 710
790 188
703 884
746 875
586 547
444 907
363 474
845 391
886 361
408 272
560 750
885 45
508 377
312 531
193 769
130 58
494 244
545 943
615 864
580 808
502 560
300 630
806 263
53 151
933 729
229 259
287 883
936 128
764 287
408 279
438 213
918 573
291 651
490 916
102 561
211 178
926 745
551 239
570 38
123 4
278 711
682 254
542 43
402 13
278 787
219 640
983 525
27 342
285 403
757 248
469 298
246 402
826 974
999 72
734 483
356 967
15 967
794 853
318 16
942 305
429 718
519 732
138 821
275 578
830 254
225 106
757 344
935 994
662 44
20 422
705 988
764 789
937 536
993 954
45 74
261 662
250 910
904 721
235 581
631 632
894 491
301 986
374 186
79 259
266 297
611 863
51 105
907 166
984 815
42 826
65 437
266 127
341 944
916 598
67 377
787 382
176 575
36 895
938 798
712 773
242 286
808 395
711 247
189 662
638 699
86 457
127 229
120 509
570 96
743 10
864 266
741 854
855 931
702 685
35 667
56 710
114 656
450 595
626 202
887 169
166 822
701 643
711 676
589 219
790 282
221 461
724 680
110 676
972 542
445 782
974 1000
555 958
377 358
463 226
154 594
409 154
620 324
290 271
642 456
583 761
298 290
323 460
130 337
665 559
876 170
55 158
776 276
658 964
401 461
217 496
98 283
733 448
961 971
610 410
318 326
568 662
414 312
804 122
428 169
418 646
100 222
12 749
934 88
239 564
354 185
899 916
46 584
57 13
492 795
417 276
679 895
38 21
115 819
841 251
370 517
346 836
933 250
403 936
195 572
228 36
399 504
710 530
252 359
588 75
36 470
312 676
874 473
634 440
645 676
431 99
378 939
834 958
911 816
197 280
840 656
319 867
848 585
414 800
893 139
863 512
519 623
736 555
355 878
723 51
501 704
78 808
324 238
264 886
728 239
573 873
633 60
276 759
309 963
311 496
810 323
933 984
985 318
671 625
795 489
354 755
533 169
647 967
906 912
426 678
32 19
22 987
895 751
36 810
213 845
818 252
555 890
749 504
963 136
193 78
726 941
938 541
849 478
613 230
927 946
995 962
348 380
955 371
301 565
886 686
828 854
863 572
847 147
645 497
39 355
87 977
46 961
237 296
367 798
378 149
158 868
81 647
718 503
144 210
893 422
267 864
984 638
959 746
398 175
541 630
706 139
483 710
349 527
435 171
803 471
861 626
984 77
182 502
346 408
724 708
895 272
414 526
504 193
208 678
929 658
220 678
598 905
783 924
779 209
970 330
267 808
968 368
41 301
159 222
252 445
99 141
575 654
151 97
745 569
540 180
275 905
466 336
921 765
220 813
701 656
470 766
232 80
339 604
708 806
721 21
641 480
168 802
573 400
664 233
387 283
806 146
656 564
822 128
625 343
766 393
810 527
289 478
816 662
420 83
541 173
514 444
519 17
66 738
797 658
104 352
918 651
993 994
509 20
279 641
56 556
265 483
881 683
776 16
620 812
156 183
619 458
185 855
579 142
896 904
938 793
682 58
640 865
423 151
21 505
264 330
837 769
787 787
519 504
571 661
984 839
743 613
209 877
987 988
672 57
194 702
417 104
213 156
675 751
382 776
557 257
365 319
177 966
94 542
811 15
263 936
417 855
334 731
331 531
562 752
391 608
450 35
723 647
600 779
609 875
967 745
637 62
47 214
904 967
923 287
475 373
132 678
347 152
625 21
189 215
432 537
536 938
424 822
320 547
637 783
685 998
530 248
5 881
983 96
657 1
342 606
761 362
326 541
469 395
879 996
493 706
357 260
240 199
369 569
450 390
487 432
968 286
837 885
817 187
553 920
779 148
451 213
192 764
651 760
190 251
497 141
496 408
810 352
168 983
551 711
48 349
314 812
711 462
73 384
122 454
857 709
930 415
634 160
4 568
560 760
268 681
425 425
892 801
613 235
613 162
51 163
422 618
496 515
83 753
903 624
119 390
79 914
825 93
661 8
792 440
933 671
123 399
552 408
219 624
38 924
840 240
636 842
663 775
984 886
974 738
351 117
840 8
488 916
729 52
736 796
793 40
599 152
873 229
907 394
152 880
59 134
658 466
502 192
190 764
65 739
332 671
254 466
16 938
752 389
144 674
138 152
858 458
458 966
143 588
153 323
97 765
297 647
525 720
948 147
878 12
424 860
166 905
597 823
139 285
588 755
427 161
416 175
659 601
496 48
236 889
358 213
970 997
658 249
660 671
294 939
586 1000
978 622
770 562
730 181
815 68
888 448
304 237
114 123
606 493
880 218
696 784
144 276
563 705
337 65
710 639
110 747
735 93
210 65
622 125
231 686
250 548
931 628
233 798
159 783
157 339
684 949
92 605
88 491
878 62
281 382
190 752
311 446
940 907
213 423
495 716
865 922
26 368
617 760
481 590
1000 498
951 273
677 121
832 953
751 761
484 762
698 153
71 916
512 788
312 509
850 988
966 866
555 852
953 909
43 565
378 645
135 418
912 361
63 213
536 631
654 989
122 715
957 533
644 387
178 490
129 914
960 35
877 398
268 172
168 530
290 358
640 581
127 839
821 571
802 969
181 657
805 807
129 317
242 314
629 954
969 641
699 920
447 642
836 581
446 674
348 468
357 207
483 721
108 846
864 88
79 792
499 752
219 107
849 270
290 568
569 989
978 902
327 360
989 229
424 195
267 78
392 450
237 688
696 441
579 303
547 16
438 464
609 226
185 597
524 249
767 317
738 841
708 856
590 319
344 461
883 343
678 265
860 194
95 899
666 100
800 87
466 535
45 502
675 906
239 134
34 944
415 426
70 187
778 141
196 896
87 829
459 685
816 286
452 42
169 670
246 449
293 618
695 885
585 9
665 572
120 262
372 373
735 506
181 82
146 423
901 728
546 598
240 267
32 401
232 870
378 806
27 27
499 298
888 321
911 284
536 27
499 917
186 388
684 112
611 850
353 757
363 49
387 346
811 419
544 708
44 395
102 205
678 216
915 595
30 67
821 91
406 87
830 310
974 267
555 876
852 992
808 67
233 214
300 90
655 290
877 275
924 278
921 742
246 400
339 889
539 278
823 56
466 5
201 907
100 232
560 869
470 786
473 666
296 974
538 330
203 905
847 20
767 968
258 335
759 589
940 607
832 680
374 901
731 712
953 88
584 732
942 971
675 672
179 482
425 724
386 839
838 207
75 394
173 751
510 602
12 586
927 207
333 554
416 388
252 279
253 526
520 525
508 123
64 204
946 40
195 525
750 38
933 140
166 95
909 812
352 164
685 180
535 175
123 16
818 370
23 851
980 51
454 921
882 614
792 251
704 270
794 73
815 863
58 907
476 738
744 870
442 197
999 186
603 283
847 230
347 620
800 137
528 114
564 838
360 862
25 434
749 322
749 401
378 270
635 633
527 972
31 402
123 316
465 59
473 747
171 321
498 555
384 771
698 113
390 294
758 819
169 93
307 461
387 578
922 998
672 462
662 912
811 157
586 399
628 337
586 598
367 827
139 464
124 456
672 888
982 658
606 589
800 903
727 648
810 220
176 732
1000 55
243 602
632 777
241 766
553 559
127 352
96 94
858 472
644 624
39 969
757 126
347 12
183 694
727 450
84 402
296 358
623 224
709 869
57 32
286 861
902 566
237 415
424 745
431 357
903 754
334 164
962 265
118 216
30 424
26 697
192 554
355 596
684 593
938 151
817 88
895 904
333 771
119 377
877 192
543 55
515 523
665 644
858 629
67 990
843 896
283 297
995 594
64 855
364 605
185 493
459 149
158 122
881 851
863 601
40 887
271 817
987 558
220 139
642 699
637 206
451 788
244 152
775 723
129 345
880 636
78 107
91 930
788 499
532 333
1000 955
301 612
187 724
376 940
251 957
329 968
784 875
114 313
142 996
412 186
229 124
739 947
767 759
813 692
417 573
450 644
298 566
54 862
114 25
25 308
852 431
393 813
500 779
488 791
294 585
530 745
727 266
300 181
566 710
64 816
593 787
858 948
34 582
987 538
829 797
232 741
320 772
326 42
425 581
970 655
293 759
492 616
79 526
175 871
962 83
177 923
985 421
328 6
142 645
613 225
860 666
279 773
794 422
725 756
886 892
838 218
835 196
30 668
407 701
531 193
748 504
305 306
203 167
554 340
979 584
639 281
696 212
666 924
754 570
245 283
765 406
129 349
161 607
534 402
824 116
430 195
361 388
722 209
806 520
153 2
295 533
350 44
860 449
385 318
791 10
93 92
501 96
346 14
147 443
784 252
759 914
923 601
700 255
453 954
553 711
41 404
19 510
948 244
977 8
448 903
131 287
535 22
156 747
520 344
553 41
503 889
305 349
383 119
418 419
887 592
677 729
456 653
106 882
658 75
75 321
550 820
977 614
11 505
791 407
346 911
690 299
839 982
672 115
154 786
321 260
772 403
286 488
792 136
160 848
193 855
884 362
443 622
785 12
482 811
460 498
578 501
350 895
662 483
756 471
290 211
948 423
602 26
122 918
120 278
237 928
305 427
593 497
994 845
389 570
966 972
53 93
458 939
670 428
879 498
902 583
389 883
235 63
710 41
103 797
633 412
654 119
849 20
437 416
809 330
795 141
576 723
645 912
28 915
821 843
749 591
749 840
555 345
801 228
531 748
963 626
830 134
187 143
815 615
878 920
408 655
84 696
200 327
812 839
889 893
68 819
845 527
148 463
265 666
726 258
342 597
423 115
45 30
144 586
951 432
438 495
143 248
16 392
527 770
501 923
739 291
999 268
646 908
28 126
910 642
940 275
56 491
517 708
358 296
584 897
272 409
131 199
618 737
200 668
848 490
758 283
654 568
875 397
662 310
722 341
109 634
516 727
187 401
483 231
178 619
341 426
79 921
805 670
268 356
166 548
619 694
326 689
570 612
32 710
922 979
887 718
375 266
512 770
166 962
77 213
16 267
517 740
691 649
384 288
856 611
176 865
81 89
871 438
579 67
963 336
299 931
681 957
285 888
759 977
444 19
741 735
952 979
568 449
494 106
469 393
949 404
27 436
927 174
684 586
816 708
908 693
546 74
453 123
932 960
587 172
410 840
526 290
475 666
260 513
140 775
970 162
460 105
758 219
386 526
846 230
83 726
685 538
170 179
688 258
159 856
22 853
774 323
206 628
936 34
179 427
229 617
708 448
453 797
312 926
773 156
135 169
310 265
588 703
89 251
171 751
994 114
462 996
927 271
132 23
225 419
678 898
76 629
272 718
920 246
401 538
671 601
475 357
848 855
111 355
529 643
789 358
11 319
647 82
814 458
283 363
699 766
630 741
986 746
487 552
271 448
6 790
45 119
519 94
589 97
831 205
632 977
802 381
189 399
752 620
732 434
290 404
709 724
383 949
644 826
561 210
861 233
391 576
452 567
572 862
139 215
886 597
415 176
288 569
203 956
892 699
900 368
878 470
504 479
202 252
117 848
926 1
502 24
917 764
3 940
270 89
545 163
791 32
741 709
80 459
785 397
314 348
74 65
463 613
991 945
543 344
516 268
359 387
351 972
902 66
424 858
278 407
187 986
508 527
200 214
350 157
195 655
861 737
818 98
706 776
94 606
297 437
718 675
285 932
43 866
995 650
458 131
256 989
66 331
785 163
8 521
542 42
577 325
862 720
421 140
892 778
60 947
401 609
545 95
751 447
253 216
51 682
491 5
551 615
728 646
477 487
15 298
527 90
220 794
675 849
301 869
385 105
698 884
150 473
843 236
592 51
450 761
585 23
236 18
736 533
752 40
650 209
523 87
316 88
344 982
531 486
441 532
207 306
112 668
288 958
640 824
137 924
756 181
24 212
786 742
593 537
802 753
613 492
13 870
815 719
884 480
134 648
565 894
17 853
428 119
490 276
852 379
143 123
127 924
425 537
564 126
274 776
199 396
305 629
505 904
477 581
391 232
574 291
321 836
38 52
577 943
498 110
476 910
550 690
140 596
877 3
599 88
212 865
934 654
572 16
29 888
75 496
907 741
40 857
268 465
208 96
996 909
352 333
655 306
876 120
372 104
205 456
512 781
405 582
220 792
95 778
353 77
849 872
955 943
398 201
310 637
817 990
685 89
485 212
407 513
857 616
557 989
804 37
336 241
532 665
440 207
627 175
914 788
845 922
463 718
221 955
520 891
438 663
869 410
15 759
184 259
641 691
177 99
20 655
564 597
185 615
598 653
606 971
917 15
473 291
359 484
979 723
648 529
845 385
970 996
725 485
603 626
721 630
332 550
400 552
151 533
451 656
469 764
532 61
246 683
32 261
702 650
353 108
306 367
654 893
434 444
725 882
720 770
514 344
191 910
937 16
613 745
490 886
340 861
86 154
231 675
706 406
227 914
686 894
632 834
66 126
780 57
315 91
942 788
453 200
791 497
50 853
58 987
14 496
212 209
31 51
570 751
898 767
807 896
401 34
478 189
560 336
1000 188
859 198
939 570
704 153
585 354
476 383
365 925
22 758
631 251
468 754
547 504
374 552
757 752
363 355
175 684
893 156
966 432
107 969
916 188
533 197
36 718
984 666
11 312
208 277
651 86
167 426
391 690
318 955
784 634
15 582
233 258
218 998
771 60
401 954
587 639
207 997
319 286
874 228
515 756
856 541
940 170
221 791
801 540
865 115
274 216
876 538
480 427
216 163
165 820
749 770
56 264
203 691
321 14
858 946
89 265
828 762
383 621
485 24
14 767
97 908
698 668
223 207
10 560
188 692
417 670
840 551
770 258
179 100
38 695
735 749
249 716
606 400
149 264
239 391
108 624
914 664
766 533
968 137
447 191
328 181
304 538
840 104
279 891
589 434
962 25
355 354
100 205
715 467
981 105
686 449
324 353
555 510
282 915
842 225
43 21
133 685
913 955
823 961
100 757
378 986
501 631
133 128
181 818
75 521
394 841
440 803
265 893
827 900
310 162
995 138
809 748
164 409
438 708
303 221
15 443
290 769
670 703
497 343
791 778
660 14
88 787
864 683
189 117
468 664
884 376
807 694
602 77
485 673
885 99
722 632
615 235
548 488
902 487
801 93
142 608
279 732
921 823
639 287
392 930
116 541
915 240
437 636
205 463
35 438
799 28
245 927
237 276
863 585
976 986
935 647
542 229
226 999
61 510
14 411
95 436
193 147
927 563
747 148
856 578
701 680
826 867
344 412
524 281
700 104
341 199
801 77
330 16
701 989
554 167
69 135
30 55
172 398
253 691
879 189
532 826
211 89
213 368
791 141
695 258
419 850
761 73
823 761
226 317
256 296
650 659
870 919
849 92
572 241
559 118
341 425
150 876
171 804
41 817
991 348
525 954
910 428
166 70
596 878
607 800
241 357
686 384
774 47
244 760
568 981
797 291
747 572
236 699
778 731
514 266
483 117
206 453
498 250
334 124
63 481
217 867
199 584
40 227
387 311
707 875
258 788
337 840
310 601
384 446
847 701
89 136
369 116
34 675
465 785
20 628
786 934
452 538
311 888
439 477
324 34
483 38
989 219
455 345
937 183
684 760
352 5
6 735
296 823
619 845
149 686
427 326
68 16
491 749
210 189
249 294
422 624
779 87
104 876
41 259
817 269
272 642
680 838
41 559
467 193
106 421
271 796
768 660
851 747
796 372
403 699
647 730
933 526
923 532
443 441
925 948
447 927
720 551
118 763
303 144
144 439
476 854
174 599
507 290
495 987
302 430
537 562
415 834
568 173
93 936
734 924
853 265
982 927
30 897
669 708
639 136
658 357
786 834
9 818
434 966
947 511
614 713
332 710
37 99
36 71
565 797
930 434
343 714
488 643
413 441
665 18
63 81
231 787
773 414
565 478
30 382
211 776
649 370
765 393
68 449
565 73
430 585
992 845
13 658
179 142
916 158
860 391
827 271
123 927
445 985
900 718
828 670
774 939
971 213
615 769
117 365
477 353
576 993
675 252
207 971
795 394
206 433
565 261
956 181
158 713
454 834
934 619
835 781
749 533
94 938
238 493
348 978
445 834
272 451
31 359
594 773
749 828
178 618
991 746
382 195
617 848
271 216
847 946
587 368
890 931
692 212
402 636
889 845
47 584
994 59
584 122
245 109
316 577
727 646
28 146
548 517
230 89
759 514
709 140
41 662
477 740
700 798
962 464
246 595
333 908
877 166
428 766
802 360
990 601
65 877
658 914
639 851
732 907
203 195
965 167
785 997
52 656
261 491
561 417
711 100
199 234
609 915
589 6
58 635
422 185
333 212
560 851
855 240
96 248
646 990
833 452
884 569
522 282
41 201
717 954
695 421
694 103
13 900
177 594
181 25
830 395
386 935
81 814
590 408
890 208
725 31
560 257
809 684
677 326
307 32
567 12
66 429
118 708
848 762
243 221
414 103
511 697
851 457
650 453
356 273
969 610
93 846
689 537
885 414
272 437
826 778
605 320
243 956
588 215
635 525
827 900
24 311
311 240
674 799
896 20
189 473
451 20
214 680
255 373
558 314
994 549
827 414
566 385
371 18
939 597
47 973
998 567
870 347
480 217
293 388
938 227
478 164
562 159
247 530
632 744
648 601
103 782
318 300
832 250
257 309
867 312
35 204
26 393
472 222
949 913
392 468
551 778
837 599
15 344
18 679
285 15
46 343
679 37
141 236
965 193
402 576
377 397
840 856
600 222
524 206
759 154
412 296
794 85
961 383
605 93
524 749
530 527
429 33
520 539
727 459
510 12
418 609
599 95
950 840
499 627
333 675
453 229
438 87
567 669
358 108
974 428
831 725
905 327
631 745
462 441
447 375
248 364
766 918
587 833
771 903
158 945
205 639
331 26
586 381
157 427
314 206
223 894
631 466
201 29
840 243
968 442
480 805
114 244
747 319
9 671
881 680
222 280
967 984
900 841
713 954
214 590
212 311
323 794
731 485
284 357
539 148
515 278
902 30
345 62
99 305
845 265
44 826
658 792
992 578
120 247
414 923
77 363
4 93
98 1000
643 249
93 699
140 13
251 304
287 291
634 831
190 915
465 423
897 946
343 450
486 457
948 353
425 160
197 452
996 259
255 782
336 424
706 641
439 82
289 196
364 193
805 821
519 372
226 660
338 579
526 658
703 524
960 655
788 412
563 613
301 605
84 112
834 282
428 906
647 816
319 951
55 423
193 786
857 42
721 275
455 502
992 141
444 433
844 435
508 907
633 798
996 980
355 407
213 559
570 247
459 326
924 577
171 467
794 952
822 740
725 182
489 545
796 530
778 359
958 130
187 579
217 550
122 933
647 831
801 582
114 241
810 636
897 486
477 453
593 917
371 362
840 341
473 65
565 424
226 665
152 883
695 53
407 367
81 502
780 502
526 791
687 187
635 944
157 651
112 455
979 682
572 694
367 668
506 51
764 161
623 817
652 612
458 524
760 630
142 245
827 892
466 255
897 840
664 805
360 236
680 84
191 604
235 917
469 553
17 158
135 963
940 781
645 782
592 690
624 721
172 236
486 577
902 238
781 613
182 190
326 977
992 3
848 481
63 678
732 150
573 389
760 583
604 84
749 859
94 661
560 736
684 446
889 52
961 191
985 873
836 578
951 476
270 900
852 676
297 706
282 95
32 95
311 264
656 365
14 976
544 36
544 171
108 997
938 98
211 626
121 155
462 490
403 937
636 642
93 433
353 195
630 135
777 593
685 229
84 71
761 251
269 986
980 443
373 559
158 291
364 178
193 221
596 55
168 689
699 985
567 705
697 685
211 809
940 932
565 201
220 401
817 324
161 645
452 251
590 571
582 644
461 242
138 591
278 540
814 946
596 314
99 116
543 509
84 727
389 119
939 746
600 710
111 365
368 911
952 191
259 167
276 875
236 717
986 765
711 183
769 942
470 806
316 596
612 813
121 79
878 757
190 757
106 393
144 251
841 163
224 85
532 413
472 401
374 279
692 145
246 625
164 608
722 969
928 17
295 779
673 920
970 647
211 903
988 519
870 100
287 206
700 420
820 898
792 255
102 190
638 178
152 57
440 106
95 481
621 303
157 192
685 151
530 690
471 786
425 96
73 801
310 937
120 588
522 338
872 774
865 863
94 877
282 841
758 579
75 774
830 834
20 247
696 953
713 481
6 299
502 994
782 506
804 519
544 145
552 485
998 614
504 306
670 302
934 74
972 211
980 448
835 686
975 951
931 802
604 557
24 267
453 150
26 260
498 801
406 804
30 244
77 230
630 826
288 506
940 602
937 599
647 410
565 148
213 307
253 401
786 93
452 516
532 684
156 857
532 586
944 149
250 910
94 57
223 219
42 830
726 97
797 835
760 938
574 365
189 949
794 466
517 783
251 995
759 290
782 750
657 206
152 557
191 488
307 561
676 760
508 11
58 561
533 585
341 407
393 347
367 849
107 302
355 563
899 736
346 204
328 92
34 388
692 869
207 840
502 247
890 755
358 457
350 11
406 94
537 908
854 42
733 538
364 169
408 992
74 608
118 985
896 451
726 192
669 849
508 606
762 526
612 101
894 666
84 951
635 948
674 290
925 112
981 123
935 865
46 957
697 42
368 363
789 427
766 462
567 389
758 53
422 515
783 835
919 295
634 282
906 261
147 826
870 927
519 253
503 671
967 21
139 887
249 956
862 774
911 273
815 313
956 189
127 728
53 979
865 200
519 693
597 365
222 158
975 308
421 382
764 9
332 628
423 872
842 194
868 642
960 8
988 532
954 914
608 35
333 53
270 345
384 778
383 125
72 719
540 995
537 893
704 159
882 663
777 267
766 77
419 46
249 774
76 687
578 824
804 199
471 626
452 434
771 903
225 492
720 778
36 375
881 916
36 189
279 121
308 247
575 60
536 778
722 851
880 572
948 731
391 229
309 897
207 576
346 978
617 709
976 305
369 643
249 331
963 129
762 346
975 40
10 240
939 19
893 640
26 390
511 842
283 709
213 382
805 267
430 230
688 926
331 149
491 545
355 911
422 596
72 171
391 371
368 241
953 762
533 263
508 824
175 429
605 637
733 539
234 37
703 825
890 200
434 548
543 448
654 238
868 970
1 347
628 764
969 631
443 953
445 908
13 290
1000 491
876 701
423 282
152 751
580 22
340 92
284 675
167 403
531 767
823 834
488 120
462 327
942 337
488 733
567 53
412 150
94 56
233 469
116 238
930 99
843 153
67 636
662 521
896 820
773 68
644 540
657 8
703 914
999 592
6 567
989 693
159 571
900 882
610 706
343 906
666 719
49 151
579 825
357 915
173 461
960 23
766 667
7 204
619 871
524 110
182 594
962 863
893 57
637 640
25 707
494 947
912 683
119 134
605 72
746 40
889 586
892 609
16 591
249 75
527 274
111 203
569 377
817 14
784 932
24 664
657 452
612 771
182 142
323 612
773 879
836 283
626 665
385 206
652 802
841 343
420 243
304 164
597 799
89 615
36 124
161 572
151 775
40 810
66 672
737 12
285 28
58 63
299 635
575 177
871 1000
318 178
445 216
352 851
888 850
803 583
104 9
508 623
4 313
776 717
767 41
907 614
942 484
673 426
384 941
298 621
604 717
766 642
461 802
750 846
76 107
531 271
893 15
955 432
659 481
576 145
855 269
453 639
392 465
173 979
601 519
632 117
561 629
144 181
755 193
878 590
867 542
754 503
598 429
616 259
62 990
143 688
458 248
413 9
584 392
395 898
492 37
545 67
550 167
202 387
619 945
807 406
339 621
883 26
449 571
141 607
380 466
656 916
733 689
253 229
109 231
815 966
871 437
913 28
14 155
25 884
124 194
7 403
224 253
799 481
3 588
683 288
228 100
147 295
914 993
404 160
145 272
443 534
623 886
77 362
618 467
444 636
973 967
391 546
385 444
46 232
254 830
317 884
841 598
933 700
530 101
168 579
500 592
493 950
690 692
306 826
624 312
628 374
699 361
157 569
387 256
564 642
716 80
242 488
146 410
270 595
663 518
688 122
223 185
312 40
177 382
460 172
860 329
262 903
654 957
364 337
584 643
197 286
933 102
19 20
919 907
335 173
544 727
139 551
46 116
794 116
685 671
392 37
330 883
239 896
390 885
514 553
441 378
69 614
420 155
9 640
841 12
923 697
521 916
411 92
979 446
250 471
657 757
587 1000
945 720
184 283
140 198
978 303
779 621
612 180
704 83
647 199
109 666
492 295
876 603
414 99
133 356
902 328
515 99
553 291
747 948
601 970
41 921
587 9
511 867
936 56
937 997
274 127
487 252
991 92
112 12
677 668
943 10
176 682
771 872
837 626
299 701
88 449
138 886
498 553
605 170
636 928
690 47
500 458
425 428
71 349
540 864
354 914
630 555
454 371
499 309
976 855
56 81
79 365
241 324
401 234
875 445
991 35
337 96
238 313
472 698
260 774
775 528
705 842
478 455
526 819
769 633
338 91
731 119
653 265
667 122
463 295
14 171
282 856
762 62
249 218
298 653
185 949
815 230
943 378
575 358
301 14
727 459
311 329
256 672
169 67
843 5
802 630
819 421
199 136
794 878
817 641
140 699
662 548
869 530
619 343
850 854
522 180
555 253
280 915
962 394
692 660
160 440
717 795
979 649
906 878
550 844
186 800
282 69
629 105
426 879
550 763
631 541
953 89
478 586
211 930
237 930
157 588
55 970
338 833
199 787
785 507
840 681
508 192
59 339
62 980
339 602
372 650
171 470
156 977
713 445
856 666
296 278
518 107
619 527
545 680
301 171
888 172
968 639
963 670
297 385
519 295
671 772
254 107
392 499
963 49
801 287
680 336
431 529
494 135
723 864
784 355
639 993
252 913
891 787
95 303
481 803
79 349
181 621
356 659
808 166
111 961
297 153
511 237
974 596
463 936
369 216
786 374
743 523
883 680
29 187
683 220
306 88
396 997
913 19
31 239
410 841
537 13
102 671
835 811
437 820
353 727
170 537
108 278
256 921
867 278
820 179
951 100
750 47
291 918
716 989
278 566
328 949
729 861
373 385
702 658
75 339
368 144
787 353
516 44
84 942
887 290
230 950
101 978
595 74
626 840
616 333
211 985
735 661
458 559
905 303
22 902
874 328
372 41
769 60
11 761
28 457
96 427
330 500
464 672
273 98
192 480
620 348
486 801
120 433
165 780
976 459
34 900
583 157
702 121
643 875
76 698
513 981
432 464
990 76
686 15
790 844
721 53
559 418
524 450
522 504
654 301
908 407
279 327
115 958
209 805
275 265
767 327
526 935
714 417
653 382
968 509
262 831
316 310
390 97
519 827
574 878
524 283
695 210
449 498
896 460
635 548
471 927
99 573
697 360
192 235
873 814
388 942
977 14
357 583
632 516
720 591
683 25
55 537
54 168
490 453
877 612
883 426
719 828
744 130
283 860
108 220
259 476
643 830
895 988
930 848
489 165
284 359
73 249
596 742
55 626
376 890
953 91
807 14
565 904
371 921
653 92
122 764
499 372
769 70
55 542
246 484
906 666
155 538
647 396
859 979
675 63
83 841
160 231
753 426
335 997
992 415
206 210
503 462
603 342
826 662
159 889
895 49
887 7
907 858
787 642
613 447
772 13
419 296
162 931
89 272
913 562
283 854
461 438
483 895
644 449
295 821
565 298
661 694
525 490
739 401
764 40
139 758
140 705
831 52
520 398
368 507
733 314
82 485
402 971
866 634
694 133
283 234
904 922
279 711
14 227
730 31
347 111
744 330
882 655
555 549
280 475
219 909
500 41
218 120
430 805
673 46
249 950
524 668
830 959
303 908
931 185
256 368
680 844
133 778
552 549
123 842
935 136
301 725
820 51
100 14
601 613
378 125
107 672
767 440
915 617
339 940
175 440
205 135
273 724
669 998
95 532
840 789
989 663
472 821
242 891
936 554
60 732
334 914
606 864
371 106
94 110
382 304
668 199
457 792
263 500
760 28
863 194
146 54
363 404
267 736
613 198
502 141
565 316
19 239
10 551
741 33
570 790
93 276
953 580
370 121
914 650
169 25
124 291
51 575
792 783
359 917
166 563
986 730
112 858
660 658
557 421
222 708
989 718
210 820
785 932
585 44
544 437
368 716
203 335
737 644
681 329
491 886
40 77
463 331
561 541
12 561
787 774
963 916
275 738
812 338
860 423
345 537
36 784
134 113
174 493
489 118
755 845
344 204
635 393
529 968
276 269
339 264
887 502
790 715
735 900
105 640
671 258
754 848
433 806
808 351
72 968
845 929
758 39
417 660
763 564
8 220
94 74
654 492
92 879
236 651
832 789
634 690
179 58
992 359
485 158
726 823
945 508
361 551
864 21
532 608
532 727
839 622
49 795
778 523
971 41
108 451
914 241
455 518
274 932
425 581
750 949
762 161
638 504
604 369
668 816
973 603
886 676
333 397
215 814
821 783
922 849
575 238
949 200
46 780
364 494
671 793
938 721
892 674
18 412
822 603
243 97
933 159
575 960
704 824
564 890
258 497
285 51
955 48
957 538
718 792
164 448
496 513
628 414
798 219
494 296
696 11
1 849
66 262
79 653
447 723
337 821
986 555
646 469
985 597
148 92
439 692
989 297
677 814
726 322
759 677
263 436
201 864
681 38
38 387
910 166
201 132
775 396
337 999
526 860
200 952
629 402
659 906
951 994
119 698
585 212
82 404
762 433
160 57
811 849
271 957
324 263
437 421
447 746
703 197
317 79
545 735
320 502
112 836
532 357
297 73
940 270
621 98
964 626
755 597
164 347
405 776
655 184
849 636
820 359
960 737
805 745
249 462
392 689
476 767
357 846
414 835
591 783
357 822
756 896
640 249
34 670
549 58
680 763
338 782
575 351
48 542
887 155
251 475
376 12
496 894
359 158
785 423
427 400
107 210
840 624
913 237
249 300
674 10
622 177
662 946
129 658
798 679
453 238
392 422
35 55
98 115
465 757
363 35
448 490
549 814
768 807
810 240
917 107
731 817
543 448
535 533
580 549
193 719
97 270
571 340
522 837
416 485
597 115
127 196
601 369
500 594
326 610
878 703
825 813
665 639
575 280
365 796
577 942
811 619
281 21
237 607
617 298
543 840
653 799
474 290
602 976
307 513
850 538
865 728
23 178
256 345
969 502
617 813
996 282
341 101
390 809
72 189
970 128
17 724
320 790
363 598
117 450
296 700
773 404
667 453
542 797
808 390
266 797
173 569
175 371
491 868
937 797
481 406
928 730
368 329
676 665
886 426
644 235
466 12
946 559
215 990
114 20
152 494
901 737
900 677
400 191
57 952
537 479
212 666
506 505
2 619
835 590
687 986
583 388
358 522
82 613
923 199
50 225
337 631
964 404
423 531
422 621
522 310
302 399
55 953
541 908
12 192
806 481
270 118
196 830
464 733
722 462
710 398
92 282
211 460
255 901
53 181
50 107
25 505
324 354
185 58
559 364
497 481
681 839
199 304
918 574
497 952
205 853
191 1
11 571
11 146
180 680
853 381
647 998
684 294
196 177
584 417
530 585
634 793
210 659
47 279
115 127
206 207
907 519
818 599
182 447
252 930
407 64
604 338
491 962
817 548
887 653
12 860
962 228
488 324
596 853
970 930
876 767
78 17
250 320
809 255
757 609
622 553
341 813
759 931
560 182
501 223
572 239
65 435
455 589
502 155
464 451
446 976
438 671
213 682
177 25
730 169
530 297
775 471
851 558
369 320
532 752
58 854
710 739
193 96
385 985
354 291
550 111
165 307
680 811
655 802
848 449
349 119
489 62
280 74
209 285
368 723
544 592
687 13
556 105
819 46
548 212
138 500
80 439
262 407
895 206
624 195
180 834
222 980
802 920
106 558
415 443
576 39
740 913
381 297
379 603
399 449
576 19
343 773
492 969
975 275
636 36
468 251
778 368
296 296
594 979
516 908
118 207
424 266
825 932
186 417
476 573
923 689
508 471
766 572
123 469
439 777
408 405
164 145
25 25
862 917
271 404
170 182
251 810
887 815
324 278
75 483
21 499
808 192
878 48
590 434
518 940
788 318
290 593
518 692
237 756
714 807
355 753
984 790
418 141
786 852
627 81
7 885
531 273
791 15
228 437
672 883
167 104
243 211
820 315
298 288
562 366
740 877
257 809
175 927
482 671
173 875
869 751
511 388
626 945
869 976
531 449
668 9
941 13
106 532
512 758
302 389
589 443
204 438
829 872
475 400
996 30
517 811
998 346
620 56
957 74
316 78
561 489
757 728
921 98
451 40
860 146
453 449
74 551
476 791
262 914
573 395
920 552
149 290
437 825
755 432
822 136
633 222
215 137
263 868
583 785
68 22
628 869
26 38
36 83
232 269
803 26
479 123
217 949
207 843
297 622
261 933
936 149
333 330
563 500
925 334
1000 986
236 47
509 648
548 570
175 648
140 937
281 655
153 110
882 40
755 388
356 795
776 714
925 151
536 957
774 637
591 813
961 670
596 92
205 201
246 313
204 696
463 104
81 316
572 971
651 401
365 730
416 243
100 612
649 536
413 105
41 773
207 10
347 960
507 274
261 224
6 343
432 409
720 138
865 611
419 210
451 841
952 866
91 300
645 383
460 506
15 860
855 263
86 601
431 513
634 815
680 711
983 327
372 466
240 291
161 601
409 364
820 767
483 951
814 186
904 105
464 440
885 816
97 135
570 58
62 140
167 485
801 398
29 670
215 635
817 543
488 499
933 129
713 458
699 225
300 188
537 136
52 521
919 96
882 116
941 315
52 491
103 795
532 770
347 510
55 107
944 372
170 794
765 835
869 623
247 756
503 436
224 136
96 373
292 228
221 829
363 224
479 277
641 457
426 12
327 375
100 786
798 63
568 190
187 911
874 118
201 706
702 897
604 603
560 826
550 942
820 179
638 142
419 7
217 921
45 911
271 365
92 690
97 74
475 394
896 101
844 31
763 633
146 525
386 908
358 104
489 486
996 56
661 533
524 831
838 428
369 829
27 608
691 754
779 11
175 664
64 470
238 797
829 276
884 308
902 47
211 129
580 355
850 474
69 247
447 983
420 191
56 894
253 112
989 75
957 839
206 811
396 573
616 395
916 215
248 513
298 893
729 827
95 630
599 179
297 280
995 627
693 634
779 801
324 105
411 406
760 919
161 840
208 696
85 554
452 272
894 760
740 345
889 527
629 579
779 231
381 636
594 17
337 968
215 870
857 201
185 152
184 627
708 228
673 427
738 64
464 777
669 212
729 789
58 586
281 463
327 378
710 114
455 689
144 959
602 770
704 97
861 944
741 318
841 229
14 198
270 803
25 871
73 458
664 221
242 350
915 634
297 360
743 282
628 650
180 304
616 844
975 151
772 945
454 478
426 973
113 534
453 136
991 623
410 410
83 884
117 521
417 498
841 944
438 679
237 213
567 894
470 641
358 416
17 359
59 773
454 335
440 79
48 170
148 882
732 182
552 153
502 343
35 908
782 59
738 149
172 163
955 42
277 966
947 542
1 542
869 780
875 896
320 229
198 39
87 677
809 925
510 318
448 289
415 141
225 338
893 905
255 310
848 332
404 985
14 34
867 994
536 839
961 595
92 428
104 725
155 443
598 941
310 701
841 77
653 571
369 27
706 164
94 700
421 442
669 888
12 672
689 782
987 289
103 790
552 617
933 460
578 228
637 553
556 604
339 35
817 557
737 649
670 451
948 890
887 398
81 854
579 379
634 630
819 642
287 988
114 426
174 134
560 104
97 482
616 697
915 376
10 267
59 564
329 168
674 256
8 381
471 869
685 220
747 113
989 854
216 537
677 467
629 326
20 684
270 699
630 720
802 369
523 50
528 558
764 453
352 703
705 384
28 900
673 752
320 252
803 120
901 926
170 619
951 136
926 850
271 72
873 524
864 63
866 813
778 484
445 687
31 275
308 870
670 754
752 917
973 75
617 176
723 576
437 741
523 106
684 960
179 802
872 428
510 41
774 125
470 256
164 341
788 632
689 820
24 444
7 479
526 514
763 950
996 181
767 815
634 496
637 556
844 113
2 332
218 840
354 461
668 897
62 388
297 181
171 188
771 20
605 64
552 888
320 325
64 476
597 989
494 985
28 839
540 254
196 268
661 853
285 25
476 406
375 995
30 365
273 772
550 346
139 428
610 372
824 102
943 186
288 368
333 820
95 595
915 909
977 232
833 505
136 904
837 452
974 287
213 800
323 650
845 584
196 375
545 498
14 185
133 340
413 787
666 558
596 775
397 455
301 653
566 237
463 825
336 555
939 117
562 192
594 806
36 808
992 669
747 271
601 726
857 514
695 312
16 648
370 700
204 712
148 491
546 843
823 693
246 737
129 244
695 872
344 887
866 322
181 229
217 674
237 27
793 496
888 954
963 185
268 232
160 771
677 222
52 790
931 380
306 342
220 835
119 623
896 258
128 715
683 997
370 731
231 54
347 375
708 278
176 400
380 350
752 381
551 69
865 590
385 442
860 592
854 625
30 803
314 803
720 619
580 769
15 701
469 469
610 473
557 416
611 596
173 274
491 24
8 21
179 145
936 235
970 466
366 991
686 256
47 934
818 739
712 915
913 946
397 745
805 244
610 408
535 778
675 456
46 899
761 803
683 463
71 404
934 194
833 267
142 419
914 693
468 586
554 213
340 118
789 355
431 863
422 923
290 56
181 29
816 313
400 523
312 608
866 440
937 448
168 253
661 911
127 803
271 515
54 959
938 825
870 563
919 40
704 636
473 542
605 728
323 787
991 622
746 782
318 181
545 195
729 380
215 250
132 737
442 250
281 799
295 671
81 761
661 597
746 154
552 518
220 635
864 464
899 738
278 904
355 990
208 960
732 391
310 630
26 13
439 446
276 752
765 128
198 173
816 862
10 264
443 570
980 195
542 778
875 373
378 906
794 953
312 104
191 611
837 323
910 614
816 985
312 110
446 774
496 714
67 659
979 760
353 247
150 907
147 106
86 786
905 705
392 328
656 906
556 246
248 55
412 18
70 135
881 133
943 795
963 354
252 821
988 369
517 474
304 596
317 832
498 647
33 196
132 808
834 480
185 889
761 731
427 662
903 207
686 302
834 732
510 997
882 44
68 835
13 906
297 765
205 729
715 343
980 603
758 22
479 235
309 65
562 622
863 586
8 823
828 942
19 930
598 967
215 379
123 187
671 582
31 179
705 278
261 286
539 186
455 46
277 767
970 560
764 14
219 784
430 644
861 205
34 603
915 310
250 712
546 977
43 342
310 303
584 764
520 3
545 834
899 644
543 808
326 972
10 70
585 818
252 889
413 72
617 421
902 986
425 431
232 123
835 929
704 577
847 495
122 171
294 409
118 129
905 396
447 964
176 885
778 207
422 141
738 637
582 424
20 505
113 856
815 834
276 849
163 608
313 719
885 382
824 269
679 21
628 909
616 59
183 483
204 378
622 730
100 356
552 855
86 119
289 168
142 387
241 473
147 244
232 927
929 789
711 848
699 63
354 973
649 233
684 662
691 547
151 158
187 42
860 748
200 130
49 976
102 566
213 511
452 440
112 202
149 772
776 214
654 695
283 943
879 284
607 14
813 679
145 800
986 996
210 772
891 48
143 411
599 601
211 513
303 944
867 803
235 538
738 294
505 213
771 541
223 703
960 393
126 88
439 53
986 281
967 664
672 555
373 322
625 864
227 642
681 684
975 139
95 236
189 888
324 289
829 137
649 776
952 790
24 856
225 965
617 235
886 83
796 465
432 24
393 494
308 366
118 459
73 581
889 421
147 126
68 515
237 243
308 945
881 403
477 570
222 106
597 201
454 328
194 998
635 708
938 451
525 474
984 218
8 460
191 39
328 370
950 280
594 330
397 803
878 551
151 784
426 328
231 81
865 307
367 67
556 584
931 830
846 605
241 347
628 634
477 51
670 591
299 860
911 737
351 184
195 496
529 432
863 822
396 556
736 736
610 135
64 737
324 544
93 702
583 101
121 616
31 727
639 582
787 815
666 422
145 286
739 898
725 697
321 224
773 974
954 431
686 315
931 802
5 696
456 964
945 657
827 677
913 859
937 599
884 743
472 869
894 518
236 505
698 878
664 259
134 771
209 584
151 375
827 687
823 537
62 224
280 177
934 423
25 948
636 947
31 1000
965 133
22 654
280 361
564 780
681 58
117 357
391 33
419 68
520 872
15 693
886 453
34 768
22 15
172 788
971 192
881 370
725 507
569 927
628 313
826 877
148 476
258 245
369 792
233 929
129 348
713 88
247 496
357 231
92 421
875 20
639 77
654 295
444 306
754 192
364 1000
743 637
345 455
279 582
429 407
664 295
897 900
736 935
105 368
999 652
734 279
107 713
935 221
762 334
864 828
647 556
864 151
920 301
620 766
524 258
424 881
893 71
206 520
819 833
966 934
911 683
244 475
758 145
397 53
46 10
159 470
402 501
878 702
481 18
769 567
606 104
63 12
654 237
635 337
826 940
908 52
846 919
761 342
703 427
448 371
758 615
315 962
732 122
857 704
10 317
442 832
265 695
68 191
253 914
155 561
317 124
81 914
704 890
141 710
127 842
827 949
163 713
50 669
505 147
25 520
615 29
210 876
481 33
640 125
225 699
760 327
21 299
151 566
826 475
481 385
164 618
816 211
193 911
401 902
806 884
258 788
540 470
542 903
815 765
373 544
657 115
646 684
151 145
282 518
809 408
735 832
49 761
981 356
32 911
166 490
417 915
302 560
161 897
255 479
496 716
62 52
562 545
217 311
243 46
707 160
673 68
226 822
361 903
846 924
824 74
532 386
901 190
343 337
70 741
630 977
946 876
208 752
464 495
159 510
121 684
913 206
397 597
500 921
976 169
985 542
173 406
296 166
282 279
76 843
247 392
548 403
558 788
847 300
526 40
784 732
564 632
944 607
533 756
110 620
744 929
39 474
46 615
388 473
578 401
461 813
730 766
716 474
310 773
678 598
703 705
140 543
136 710
619 903
121 708
498 395
498 8
675 79
87 949
648 441
96 63
899 388
951 252
417 938
619 606
946 222
671 564
452 529
573 866
593 394
100 576
42 38
986 778
555 50
449 876
788 143
402 43
373 463
732 727
346 780
983 461
462 464
189 137
511 257
363 173
199 247
505 952
924 578
666 450
191 998
845 959
682 916
24 287
226 97
711 759
70 367
372 899
560 865
968 726
376 505
781 635
659 474
990 860
175 36
168 991
492 248
765 651
981 361
418 925
697 658
950 382
351 71
425 634
484 300
567 740
341 87
791 842
630 213
855 952
96 663
190 57
102 603
791 179
684 911
734 583
580 908
850 642
393 110
303 672
453 887
468 871
636 2
782 380
237 645
944 856
403 928
551 607
797 431
277 641
203 475
933 35
550 30
754 579
232 165
515 878
373 927
754 512
589 898
563 879
752 736
253 893
765 299
511 906
509 8
369 322
587 70
346 862
1 293
188 91
477 31
459 491
79 203
655 367
24 658
443 772
336 328
205 26
995 149
297 425
783 235
158 488
437 870
407 149
514 574
797 678
113 269
579 933
987 469
563 282
911 911
16 398
597 377
390 380
775 828
207 602
658 373
871 779
635 34
934 177
211 878
436 865
462 872
353 701
774 391
241 475
275 13
744 136
621 833
99 427
211 126
74 824
877 817
240 821
284 555
104 208
471 722
131 487
237 23
776 853
900 989
814 240
936 774
463 462
738 999
59 70
456 833
829 239
256 543
586 183
22 640
881 170
274 808
477 704
306 441
886 231
903 894
111 940
483 458
710 792
537 53
626 235
347 333
102 805
857 101
327 73
947 119
658 74
408 949
572 86
985 337
687 846
25 917
887 330
868 803
606 915
823 835
324 758
530 488
342 782
371 781
95 781
831 174
499 114
681 917
868 776
976 275
805 382
608 164
654 522
608 514
115 100
853 385
95 387
768 163
615 51
520 127
438 735
858 323
16 534
538 403
960 861
315 856
856 715
105 49
119 38
571 931
434 5
358 867
625 878
835 520
238 775
71 235
419 217
717 889
874 360
613 52
972 941
510 152
520 475
861 537
577 148
857 454
613 172
772 779
337 146
156 665
467 509
918 396
96 864
205 959
26 650
574 11
498 68
676 272
72 720
382 948
294 24
666 353
160 588
978 553
142 668
569 497
934 405
220 637
798 857
497 203
638 693
460 547
513 92
462 544
52 336
893 793
574 294
894 643
509 6
773 937
59 636
610 903
536 179
717 256
982 289
396 845
685 80
214 580
212 622
577 674
53 71
457 669
243 608
18 331
664 989
616 785
369 852
797 72
1 599
622 669
725 939
133 104
983 565
311 250
100 186
100 684
561 861
585 860
91 826
714 458
835 731
814 928
262 207
2 181
950 15
183 840
456 6
865 110
607 933
706 303
363 540
241 603
705 436
161 515
890 769
119 899
363 290
159 788
932 830
58 544
658 107
971 477
998 320
963 241
556 831
698 848
875 881
241 632
163 945
758 491
135 421
842 972
286 851
254 989
192 336
955 886
599 77
904 141
659 13
131 591
244 26
834 523
373 376
940 25
953 720
706 827
489 565
581 220
545 957
287 942
500 171
750 645
850 911
687 239
331 905
242 113
343 625
200 926
643 433
263 186
654 425
513 531
368 765
858 497
306 603
79 355
332 521
256 238
39 534
149 683
51 298
910 288
895 300
691 582
209 186
416 851
641 62
476 83
906 927
591 568
22 437
366 560
158 943
411 930
127 848
291 354
946 520
228 232
616 15
135 566
398 361
107 368
777 587
685 829
337 255
137 114
96 438
172 181
958 934
760 942
712 893
546 298
974 125
255 383
399 65
773 123
42 57
273 576
929 661
185 636
806 259
173 449
495 168
438 164
159 430
950 547
671 302
501 991
986 310
314 406
931 649
80 8
537 227
795 729
98 927
998 295
823 822
633 419
300 849
673 504
501 300
906 707
779 114
992 74
576 350
984 68
289 667
35 997
608 406
446 451
848 151
352 395
403 484
155 225
271 440
867 921
856 111
218 113
787 526
338 403
209 568
18 365
290 432
503 267
702 551
746 348
673 756
63 716
837 457
440 358
565 918
631 755
457 238
410 658
476 771
624 217
554 75
682 840
16 994
472 712
759 83
159 658
676 6
85 693
481 477
802 666
998 577
725 127
90 891
249 682
316 440
192 584
830 228
244 816
977 454
994 314
437 334
112 90
762 790
431 155
652 992
797 496
18 475
532 574
551 419
522 212
872 586
275 456
111 50
690 735
179 901
447 239
962 173
372 128
296 601
865 535
351 346
602 333
987 362
77 483
674 670
833 747
584 26
724 344
632 541
788 590
58 775
859 616
678 233
700 497
55 804
644 651
704 636
606 727
881 121
110 6
130 468
187 710
20 480
201 664
486 252
299 387
582 745
431 261
673 984
704 703
549 413
608 644
268 941
799 238
955 262
268 610
323 127
159 271
83 742
722 321
45 952
657 428
618 386
108 646
688 211
453 357
173 436
452 934
990 520
684 783
808 953
136 90
374 511
42 113
808 590
160 580
854 404
625 936
647 535
389 347
471 437
919 91
243 797
142 381
925 136
106 15
51 681
665 600
583 534
607 21
617 637
253 905
223 21
657 141
660 351
493 570
604 815
114 98
320 898
263 28
405 478
117 118
861 99
582 647
575 713
637 935
46 802
932 376
611 232
181 197
747 866
697 666
194 760
782 632
508 86
248 42
738 488
406 954
260 240
126 74
400 779
833 960
897 53
178 345
282 946
82 185
377 984
658 684
815 464
176 789
461 229
448 838
959 58
896 212
272 462
22 653
634 874
432 680
507 809
949 982
514 495
497 743
389 734
555 709
736 22
376 364
467 637
214 557
997 484
554 213
535 444
522 408
227 700
82 777
22 110
339 765
320 765
384 255
634 932
515 991
243 994
139 896
712 354
11 461
938 904
832 68
861 99
867 187
375 698
20 58
873 30
237 323
114 770
767 751
259 809
162 404
106 47
147 177
572 240
302 974
238 782
886 321
932 904
378 176
143 947
481 750
747 79
975 355
947 134
10 979
839 444
552 597
595 397
588 475
809 915
434 788
710 879
586 974
198 821
107 502
8 787
195 628
745 422
227 33
745 880
166 34
411 474
733 554
824 708
541 738
438 680
981 651
546 312
633 613
167 840
474 453
907 742
308 445
757 507
869 61
377 874
230 722
405 31
694 843
615 904
520 471
907 496
884 908
196 578
542 34
139 957
373 948
461 279
26 948
511 985
900 65
383 384
310 953
52 478
604 291
869 53
895 500
269 556
989 376
972 793
377 762
195 20
581 23
350 152
710 792
325 288
889 54
818 408
910 33
417 447
174 51
221 19
686 963
980 483
216 578
770 353
403 888
803 850
217 804
901 295
556 766
407 606
131 353
584 291
462 836
765 948
386 454
832 286
73 12
660 319
417 113
243 52
977 802
537 373
120 799
64 274
190 861
732 467
918 703
804 126
895 884
532 806
901 900
793 782
357 957
797 136
679 9
315 741
750 968
902 772
241 600
924 440
768 662
815 934
258 972
823 315
638 586
584 981
622 217
427 408
347 585
739 525
573 23
90 489
5 725
149 385
728 572
390 741
383 723
220 491
302 328
783 873
316 599
823 465
433 700
154 320
570 901
730 292
908 204
248 325
642 680
666 662
550 716
837 880
361 157
950 379
972 396
140 827
724 827
56 604
629 982
940 399
755 644
910 83
790 639
553 26
822 279
208 130
203 583
247 517
556 570
942 50
303 947
3 879
193 292
995 658
185 781
76 865
178 38
870 733
368 22
421 389
644 798
189 937
143 651
693 889
77 200
681 579
373 891
285 504
872 558
257 236
841 846
902 61
683 437
461 992
316 711
359 55
930 319
213 866
330 236
228 721
552 177
12 388
733 333
275 92
226 317
685 161
502 992
994 94
175 642
682 466
551 702
886 720
373 58
553 305
338 415
545 664
814 854
604 402
486 189
806 644
151 927
174 208
457 910
34 733
448 150
122 33
615 520
949 765
29 726
166 550
3 21
795 62
537 435
169 257
546 856
332 718
3 455
712 207
34 881
827 512
300 937
503 653
955 654
316 345
907 787
925 457
772 746
173 956
856 810
970 242
636 700
333 353
797 963
233 228
778 589
74 695
651 777
727 664
906 134
126 522
627 201
710 630
364 231
358 34
888 713
466 293
765 6
208 434
269 705
101 371
584 700
714 747
803 216
21 540
134 145
826 790
974 106
347 297
575 749
742 342
719 438
78 792
474 453
530 961
84 362
677 770
385 272
106 158
579 227
120 20
670 439
56 592
761 862
23 534
182 838
590 714
532 422
107 777
612 795
518 285
583 639
690 640
851 1
934 687
694 489
348 409
865 853
164 858
593 882
243 40
44 271
497 129
77 823
956 158
307 522
707 636
840 328
441 74
902 267
530 459
631 152
668 822
854 753
83 9
498 832
171 60
824 959
218 797
974 681
401 520
311 270
753 275
28 875
72 898
124 440
516 534
636 697
473 84
535 622
735 675
889 998
536 849
31 189
13 679
512 793
47 218
268 911
504 246
842 629
867 361
138 32
914 544
935 494
464 715
19 732
543 661
428 140
784 743
894 901
441 541
748 159
749 362
739 888
636 694
305 635
164 366
514 921
9 715
1 517
924 726
230 172
789 560
300 676
460 897
154 676
88 696
540 796
94 679
947 681
695 301
807 558
539 841
660 234
347 119
365 291
399 599
609 641
488 18
815 709
710 911
528 590
792 975
729 729
922 185
431 426
379 971
753 618
363 182
544 253
129 353
380 89
675 304
269 490
290 403
750 414
194 228
805 195
102 465
951 632
401 332
428 706
77 190
284 900
510 220
733 293
667 633
898 736
25 991
879 302
681 729
726 796
163 110
402 24
59 455
758 224
771 950
22 640
581 181
992 558
835 294
510 882
81 253
120 266
333 517
139 209
819 547
24 460
174 422
108 810
524 819
524 257
480 363
20 373
230 255
697 998
273 979
409 835
224 527
835 54
490 620
691 707
857 261
623 302
551 412
232 296
22 929
184 849
518 639
348 357
525 929
196 207
330 654
760 689
344 151
546 660
909 641
272 18
548 540
44 702
467 655
727 635
521 809
571 657
24 889
337 276
538 529
499 41
536 518
519 130
639 16
245 971
49 191
528 211
479 678
365 401
210 155
650 497
930 448
195 147
736 306
237 133
75 163
586 926
844 39
68 720
351 888
402 797
974 222
195 69
321 542
437 247
614 275
397 976
172 423
577 749
850 417
163 827
750 708
781 901
468 565
110 649
383 926
385 997
306 905
46 258
245 908
338 2
439 883
400 488
764 539
462 403
806 734
713 758
811 40
790 869
335 342
533 363
266 690
876 324
780 490
98 832
316 621
625 622
866 794
926 581
542 739
506 922
17 204
208 680
534 126
290 263
860 605
122 483
714 495
725 166
429 222
475 876
976 48
165 585
20 557
215 955
361 796
37 911
272 535
920 294
758 396
134 95
197 571
372 54
195 664
937 411
904 563
423 363
275 69
521 789
821 734
907 491
323 66
894 230
354 918
299 865
11 168
864 770
574 82
590 342
968 380
594 386
784 591
726 529
352 337
256 18
721 437
450 557
97 443
239 892
742 806
688 592
348 362
463 571
553 81
221 933
910 527
587 577
522 798
123 450
652 73
613 184
953 308
895 865
273 788
395 177
962 722
756 735
856 867
591 985
619 844
879 829
41 828
487 119
681 384
193 666
417 188
209 428
69 684
662 879
908 738
499 258
444 583
716 940
254 323
33 4
260 520
998 995
117 536
131 80
702 1000
480 179
801 11
273 77
202 833
696 135
588 880
550 965
261 151
128 940
545 483
442 204
473 705
349 300
543 291
66 730
380 791
76 602
14 243
25 798
84 848
744 776
902 77
500 113
867 521
53 778
421 652
7 652
560 509
182 17
104 520
435 605
967 443
692 195
80 52
229 826
646 782
121 70
735 942
591 607
471 259
815 892
398 827
227 702
278 947
45 680
309 539
734 189
258 107
351 194
599 830
944 555
812 610
357 230
928 113
283 860
629 972
786 386
400 17
269 308
561 228
855 769
968 203
874 449
519 865
727 851
732 30
484 375
55 47
204 179
270 466
582 369
860 987
647 175
967 10
266 859
779 254
619 950
171 459
142 989
771 537
663 638
63 682
647 34
400 196
598 316
283 313
93 895
93 25
361 257
460 920
689 87
792 561
457 490
694 998
528 2
275 332
462 261
245 687
6 736
281 336
799 447
777 160
638 915
10 249
898 691
25 445
521 773
426 699
789 664
592 821
949 616
155 615
97 165
236 433
25 202
393 529
196 118
929 544
832 635
684 323
141 81
982 449
378 505
716 844
540 827
119 279
431 611
1 446
791 834
499 979
675 637
390 992
592 543
963 973
27 793
950 131
509 665
118 375
620 701
475 36
649 726
991 577
884 718
446 804
861 884
254 826
935 960
125 647
112 155
614 228
512 641
314 415
478 715
102 76
341 503
584 805
187 955
609 765
565 271
247 179
219 197
179 397
558 909
174 898
925 668
738 753
676 969
944 495
191 711
667 254
572 835
449 907
479 430
369 165
987 977
28 582
195 838
273 963
656 642
29 393
507 170
836 308
102 735
514 286
593 786
482 276
831 139
775 98
739 805
495 523
833 947
888 837
300 561
531 655
696 262
677 259
480 9
553 605
440 700
544 510
490 622
572 265
592 114
489 383
532 501
201 275
967 54
414 252
527 642
23 555
672 668
629 344
94 101
384 174
776 78
138 4
561 643
318 150
287 502
980 57
570 544
949 61
815 627
964 167
493 597
610 356
743 734
393 675
630 315
464 690
674 768
703 732
271 265
866 751
107 537
117 855
92 594
547 131
374 7
874 775
640 354
375 441
689 258
319 462
977 493
17 585
215 744
958 950
226 775
311 25
833 737
784 528
485 856
317 849
980 894
475 707
434 281
953 494
968 430
906 188
523 934
664 584
937 152
226 44
30 111
599 522
461 577
910 577
811 672
96 890
507 583
110 577
3 17
52 31
372 524
543 178
972 354
363 87
720 700
213 327
231 19
505 557
316 542
892 46
747 130
358 795
294 537
743 99
983 845
721 644
305 261
975 883
837 230
838 133
491 338
909 239
58 895
988 470
453 490
112 740
431 811
375 962
401 687
424 6
940 175
168 734
758 233
45 15
122 411
667 949
164 60
600 365
237 405
661 918
755 72
567 393
339 99
282 453
120 358
897 466
806 70
20 688
959 807
251 636
284 220
548 676
640 831
770 295
953 447
359 882
935 512
710 278
622 395
2 672
883 292
297 624
538 1
432 17
313 591
222 219
293 777
822 738
229 132
800 177
638 349
656 291
494 430
224 890
229 985
182 960
918 984
847 290
368 892
678 156
352 644
229 119
502 40
805 101
754 946
910 718
454 407
636 777
669 834
787 832
447 505
247 839
924 925
729 447
759 179
954 372
874 181
105 696
126 488
745 316
458 287
350 97
419 575
272 3
817 87
587 415
993 356
106 222
414 422
606 137
226 428
137 920
357 369
955 950
517 875
465 124
281 666
113 862
160 424
469 49
976 574
869 734
268 950
585 830
357 753
652 846
465 760
764 350
104 570
426 85
338 192
316 924
770 766
962 648
47 427
694 604
261 703
207 209
272 109
692 990
226 639
551 577
745 520
420 751
368 185
157 632
560 709
766 530
647 646
521 637
906 143
881 880
598 935
235 397
151 414
164 289
264 985
501 584
694 42
845 371
182 547
931 298
781 367
265 988
979 463
283 113
35 390
261 106
979 342
561 732
109 633
77 639
432 364
651 160
519 479
207 64
291 719
693 263
405 98
278 964
26 137
499 9
518 782
861 460
574 829
900 194
139 419
143 47
875 62
761 74
963 511
336 383
561 540
558 314
347 242
956 933
469 195
243 714
443 451
808 968
747 395
609 742
607 519
232 698
217 34
952 35
532 375
272 132
350 207
669 640
983 289
163 468
560 694
159 191
626 483
935 150
562 717
354 217
342 471
595 693
182 744
616 406
689 503
265 662
55 442
138 978
280 781
966 641
969 384
377 883
275 746
841 437
358 315
232 622
672 466
178 152
853 379
68 325
981 467
162 890
884 448
999 577
185 511
248 644
52 617
56 407
641 161
672 814
76 790
81 996
516 232
126 276
7 739
901 455
255 245
968 32
508 922
381 676
286 600
873 122
410 188
342 709
494 908
998 225
458 822
104 453
484 123
211 475
325 167
996 114
936 654
723 592
206 998
332 43
16 528
457 431
494 752
158 578
125 60
234 950
996 474
454 571
624 135
259 907
203 719
945 692
763 649
745 345
807 488
587 530
728 324
125 204
132 410
267 523
370 306
482 910
875 289
695 3
83 950
814 791
415 958
162 9
368 805
522 145
370 54
973 884
30 60
709 550
267 362
391 570
773 613
667 441
653 393
879 865
658 981
492 167
883 983
988 452
214 192
708 873
112 548
299 831
608 165
32 589
647 528
983 254
628 301
615 47
332 721
280 650
490 257
230 281
961 163
748 924
764 593
614 114
164 529
639 733
673 830
540 806
389 972
78 753
459 225
212 80
544 24
495 730
165 431
99 298
201 42
851 909
50 361
645 218
874 905
58 940
558 302
76 415
629 705
263 463
852 204
826 328
599 631
426 81
765 297
595 467
19 300
854 108
689 574
298 492
249 977
418 854
820 73
64 373
520 231
950 518
711 590
283 86
223 650
54 775
344 110
193 384
332 832
525 717
365 169
263 4
487 408
800 694
361 602
303 693
19 372
359 957
746 508
870 868
467 580
310 39
936 6
7 596
22 335
352 342
751 938
489 452
566 928
426 962
571 143
518 750
508 821
614 420
710 13
677 77
493 749
592 294
742 97
550 684
378 850
238 34
358 101
97 31
806 636
125 257
499 620
751 607
480 363
934 930
728 249
674 185
135 919
415 700
325 768
539 168
386 134
185 846
348 695
125 508
564 879
985 969
537 900
30 155
348 283
359 748
664 602
14 118
700 403
868 574
561 871
467 266
483 456
522 374
531 740
254 856
745 678
24 886
529 134
107 253
898 570
353 550
720 804
655 829
333 81
656 679
79 201
512 588
403 637
783 335
47 152
430 501
117 590
464 501
13 688
598 173
252 292
429 457
866 650
601 107
446 157
514 612
420 223
224 611
260 240
758 366
929 101
876 947
231 739
880 594
266 766
284 858
569 468
217 620
284 313
342 510
731 601
118 316
310 686
568 362
612 959
649 365
879 211
830 416
880 768
749 565
64 451
782 804
850 207
497 219
851 442
379 274
833 320
635 505
599 646
554 790
329 1000
570 838
138 546
793 535
106 311
144 527
968 644
312 968
732 796
618 259
636 988
891 983
552 939
70 806
746 761
179 910
712 801
991 840
595 991
201 761
597 554
212 415
270 35
708 499
430 814
142 103
193 450
458 436
660 488
864 13
556 925
731 578
601 688
600 870
796 515
361 632
241 127
90 6
360 516
180 800
193 109
553 832
717 840
591 354
327 324
762 125
131 827
139 758
774 151
329 77
964 801
519 621
694 432
