172 41 
391 15 
500 36 
313 69 
127 24 
65 74 
149 15 
443 5 
48 39 
312 40 
53 86 
178 81 
84 16 
346 21 
367 25 
304 80 
429 53 
93 55 
444 92 
134 93 
421 60 
327 79 
386 9 
134 96 
279 65 
460 28 
72 78 
415 54 
190 90 
359 13 
243 89 
296 19 
63 33 
49 55 
467 99 
285 82 
383 87 
223 71 
477 74 
228 18 
228 94 
39 29 
189 99 
366 46 
356 54 
324 21 
454 29 
438 5 
27 50 
98 5 
266 42 
395 52 
285 12 
154 51 
304 65 
471 68 
373 23 
77 75 
499 65 
475 79 
75 76 
251 85 
85 84 
20 40 
149 91 
448 73 
484 89 
323 60 
270 89 
109 99 
186 52 
1 96 
293 46 
478 44 
302 59 
372 43 
353 14 
215 57 
12 99 
447 80 
414 61 
240 75 
195 57 
134 57 
145 55 
147 75 
378 38 
198 92 
295 18 
95 75 
463 9 
280 28 
427 78 
180 29 
389 73 
394 5 
229 53 
447 18 
398 10 
155 67 
398 72 
334 1 
291 93 
13 2 
79 37 
404 61 
276 34 
434 86 
384 46 
345 29 
359 83 
361 30 
258 50 
196 2 
11 6 
349 69 
7 50 
467 84 
157 97 
322 24 
476 56 
380 52 
326 59 
59 75 
454 14 
326 86 
410 18 
348 74 
184 11 
131 80 
117 21 
225 20 
18 78 
430 83 
335 61 
85 74 
289 90 
351 53 
339 49 
430 46 
57 65 
345 11 
483 37 
136 38 
257 86 
50 6 
181 10 
12 20 
347 37 
130 28 
4 76 
347 45 
102 74 
300 75 
362 32 
338 68 
95 12 
53 65 
100 23 
75 33 
93 61 
290 87 
302 63 
433 89 
36 64 
436 88 
213 23 
339 87 
229 25 
410 86 
405 24 
405 54 
457 2 
325 85 
93 5 
1 13 
201 75 
366 30 
208 13 
414 81 
466 21 
199 78 
116 42 
405 21 
84 37 
240 15 
489 11 
130 52 
263 70 
179 4 
304 29 
478 39 
48 87 
114 46 
388 38 
448 62 
362 81 
266 58 
212 34 
350 90 
193 45 
247 77 
244 5 
336 3 
465 68 
88 49 
191 14 
493 57 
44 49 
317 31 
455 48 
123 89 
482 87 
227 32 
177 99 
345 38 
284 11 
110 31 
81 93 
36 68 
230 82 
192 7 
316 65 
108 79 
253 7 
381 43 
256 5 
42 30 
237 54 
475 8 
398 12 
34 70 
125 57 
372 84 
29 57 
369 47 
495 68 
342 72 
330 14 
2 96
320 68 
14 44 
135 90 
372 34 
480 48 
340 26 
353 21 
393 99 
239 60 
335 58 
100 86 
356 4 
414 4 
476 8 
204 1 
478 57 
244 64 
296 16 
281 41 
472 73 
485 28 
355 66 
147 46 
273 24 
119 83 
315 81 
312 63 
210 91 
196 85 
191 86 
9 8 
296 49 
38 24 
385 4 
303 69 
403 93 
140 39 
492 6 
28 52 
288 90 
324 22 
62 53 
140 3 
370 40 
356 63 
118 20 
61 10 
373 97 
152 88 
107 66 
468 58 
23 33 
120 10 
66 66 
368 54 
414 74 
439 58 
30 6 
447 23 
263 66 
261 45 
66 18 
147 76 
164 86 
177 30 
354 88 
195 79 
208 91 
311 8 
200 54 
182 41 
292 25 
165 9 
267 58 
131 75 
283 39 
38 15 
335 25 
444 4 
287 36 
183 97 
89 2 
370 80 
371 96 
329 53 
390 32 
252 35 
458 5 
31 1 
130 58 
389 31 
373 90 
67 17 
436 22 
126 76 
152 97 
363 79 
442 1 
105 4 
360 50 
428 86 
321 33 
323 26 
264 40 
166 84 
338 99 
111 29 
380 96 
210 69 
154 23 
148 13 
144 40 
31 37 
128 8 
285 52 
53 3 
450 80 
344 79 
162 51 
18 53 
24 57 
87 77 
189 15 
416 17 
262 71 
182 64 
12 77 
411 56 
26 92 
87 10 
216 64 
422 48 
214 10 
361 13 
319 51 
72 47 
67 38 
192 95 
86 70 
282 68 
446 73 
103 69 
373 6 
352 42 
192 63 
409 90 
366 32 
363 45 
174 21 
157 49 
222 27 
65 71 
200 5 
82 98 
271 64 
246 62 
416 41 
383 90 
229 71 
379 8 
411 5 
130 7 
344 74 
198 85 
211 4 
49 86 
430 94 
413 80 
145 64 
317 37 
149 85 
79 92 
172 91 
348 44 
52 76 
146 37 
359 34 
38 8 
467 19 
445 69 
72 38 
162 84 
448 66 
426 60 
287 65 
409 17 
109 65 
290 84 
450 79 
357 15 
57 12 
359 28 
354 74 
96 11 
291 20 
395 72 
235 42 
301 3 
287 5 
14 80 
484 55 
48 22 
141 46 
281 92 
419 13 
482 12 
211 47 
258 32 
228 22 
310 29 
237 40 
176 93 
485 59 
266 10 
311 25 
102 66 
61 21 
223 46 
33 54 
383 91 
116 90 
364 87 
31 41 
331 48 
13 78 
95 89 
405 37 
389 65 
224 14 
395 33 
124 20 
431 65 
22 65 
339 93 
480 68 
135 17 
151 22 
7 23 
144 48 
473 26 
479 23 
453 62 
228 77 
474 22 
46 45 
448 26 
170 9 
416 70 
233 71 
282 62 
227 78 
289 30 
355 36 
231 8 
474 33 
146 76 
355 4 
362 17 
203 29 
48 8 
27 7 
175 93 
315 90 
341 10 
369 67 
166 2 
437 57 
444 38 
52 32 
271 7 
435 54 
84 85 
218 67 
497 22 
354 3 
19 97 
184 46 
33 50 
151 57 
311 82 
434 20 
419 15 
158 15 
6 94 
146 61 
356 68 
499 81 
455 57 
50 23 
77 28 
64 3 
10 28 
264 23 
261 63 
311 41 
113 95 
275 93 
236 92 
84 10 
405 9 
479 37 
218 78 
177 35 
35 46 
182 75 
358 37 
466 96 
480 1 
66 60 
169 61 
290 45 
57 47 
346 7 
117 16 
343 40 
80 5 
184 2 
415 81 
248 73 
460 83 
389 36 
420 33 
389 83 
379 57 
207 20 
98 25 
269 89 
460 58 
402 52 
235 24 
394 52 
291 63 
290 70 
415 17 
90 67 
367 47 
307 1 
248 99 
411 31 
30 37 
207 23 
268 90 
492 18 
372 10 
447 57 
77 5 
311 1 
453 7 
174 16 
24 31 
478 20 
334 16 
175 33 
316 2 
443 20 
4 26 
370 10 
55 49 
11 31 
98 27 
302 77 
313 53 
18 61 
182 92 
321 99 
214 19 
336 99 
258 52 
127 31 
384 63 
266 81 
230 22 
452 22 
326 57 
468 88 
386 51 
53 8 
367 28 
419 53 
489 78 
438 52 
71 12 
436 14 
488 63 
232 50 
24 38 
370 36 
475 47 
352 54 
66 29 
326 65 
400 73 
335 99 
428 91 
408 49 
237 76 
339 68 
493 93 
484 64 
15 36 
141 23 
116 38 
141 28 
253 32 
122 98 
479 88 
278 16 
82 3 
425 33 
381 40 
70 32 
268 23 
5 78 
380 76 
314 90 
77 46 
396 54 
108 82 
21 23 
335 6 
276 22 
285 73 
109 81 
115 49 
366 67 
45 97 
197 49 
279 33 
265 77 
249 95 
464 12 
460 9 
310 28 
419 69 
467 40 
291 97 
381 8 
461 93 
321 6 
229 7 
240 29 
134 83 
203 72 
494 84 
174 81 
65 78 
450 76 
445 39 
262 21 
5 9 
412 14 
33 35 
138 30 
447 37 
376 20 
182 53 
25 99 
452 81 
493 2 
193 11 
190 64 
86 57 
301 40 
167 86 
411 77 
216 19 
189 57 
52 60 
367 1 
40 8 
413 1 
204 8 
263 23 
17 17 
237 88 
451 57 
140 13 
264 90 
8 20 
204 18 
308 57 
77 82 
219 77 
145 80 
105 65 
312 43 
365 32 
352 77 
322 32 
62 82 
51 34 
211 11 
487 53 
458 43 
448 14 
203 95 
32 6 
28 65 
374 75 
376 88 
404 22 
356 13 
499 3 
291 12 
270 81 
73 50 
374 76 
346 97 
311 72 
290 50 
214 27 
11 22 
344 58 
409 34 
372 18 
250 97 
349 4 
491 79 
239 45 
47 49 
364 7 
67 13 
157 44 
223 91 
420 83 
269 13 
295 72 
433 88 
26 98 
86 24 
217 98 
434 44 
52 29 
322 2 
177 95 
311 93 
232 49 
100 48 
389 12 
365 44 
257 99 
106 4 
267 67 
235 53 
362 97 
368 11 
92 35 
194 51 
121 45 
174 50 
317 69 
185 86 
57 6 
267 84 
131 51 
107 45 
15 22 
374 29 
488 6 
444 46 
488 99 
123 86 
153 95 
454 24 
167 47 
120 5 
456 82 
235 43 
215 63 
479 42 
27 76 
290 76 
119 55 
267 4 
445 46 
107 98 
115 20 
348 30 
373 3 
424 70 
19 19 
223 75 
364 83 
391 4 
289 2 
130 97 
245 3 
470 91 
305 2 
467 53 
60 81 
116 32 
96 24 
471 79 
7 3 
30 63 
110 78 
116 27 
366 57 
197 7 
432 67 
17 65 
205 41 
332 71 
127 21 
378 82 
7 98 
184 45 
179 48 
362 20 
206 57 
466 41 
205 70 
346 98 
493 78 
42 17 
107 1 
81 67 
313 70 
133 93 
267 23 
461 7 
359 12 
335 45 
38 34 
341 32 
182 73 
223 73 
370 32 
72 29 
16 5 
10 32 
311 14 
340 63 
476 14 
260 53 
70 53 
79 74 
212 43 
186 71 
155 1 
54 78 
58 5 
217 17 
6 93 
62 80 
468 73 
219 32 
316 30 
151 21 
223 4 
316 5 
389 60 
309 63 
91 30 
425 99 
247 83 
8 70 
302 62 
126 90 
74 11 
474 50 
279 55 
237 39 
127 5 
420 40 
403 35 
498 31 
136 65 
38 67 
477 56 
289 96 
442 93 
489 5 
350 74 
229 57 
295 15 
373 5 
357 48 
468 70 
201 17 
323 39 
128 35 
491 66 
288 37 
78 17 
123 15 
123 38 
281 96 
208 26 
462 61 
259 3 
429 70 
462 79 
108 46 
293 4 
299 22 
45 62 
144 59 
52 46 
58 27 
493 26 
414 85 
244 46 
261 9 
92 79 
346 45 
84 42 
301 21 
293 71 
420 4 
278 69 
154 44 
449 82 
434 72 
255 57 
382 64 
173 54 
398 70 
373 49 
4 22 
410 64 
364 42 
477 24 
196 71 
65 46 
235 2 
290 19 
111 17 
68 60 
227 85 
87 40 
498 14 
201 57 
110 94 
10 67 
201 39 
324 88 
443 89 
202 80 
269 53 
437 80 
285 47 
203 57 
227 58 
180 23 
225 1 
488 38 
398 39 
370 12 
307 15 
387 88 
149 26 
60 30 
227 14 
368 62 
167 67 
154 13 
120 89 
351 71 
121 28 
424 1 
1 94 
154 42 
440 94 
255 82 
401 86 
94 27 
150 54 
410 62 
491 49 
138 79 
274 50 
450 37 
383 23 
340 29 
12 60 
1 92 
441 12 
116 79 
276 74 
330 57 
3 90 
67 65 
92 59 
202 20 
37 51 
56 63 
144 72 
400 63 
189 25 
382 93 
337 68 
187 2 
450 2 
366 49 
279 48 
11 93 
203 15 
88 76 
253 34 
390 85 
46 9 
419 32 
180 24 
168 30 
444 56 
65 22 
195 1 
443 42 
471 40 
225 41 
371 20 
478 12 
401 65 
134 64 
79 2 
272 63 
319 16 
270 2 
320 43 
367 27 
193 65 
185 47 
336 65 
194 5 
354 20 
416 87 
283 43 
477 13 
358 77 
56 15 
147 59 
178 16 
213 38 
317 61 
67 71 
475 60 
454 43 
97 68 
162 43 
407 97 
304 46 
161 92 
374 72 
238 21 
350 79 
314 69 
375 72 
318 71 
153 12 
80 15 
337 15 
102 91 
436 21 
301 24 
1 25 
491 27 
130 82 
215 87 
244 89 
18 5 
222 77 
468 59 
496 5 
259 43 
44 73 
227 99 
473 34 
175 50 
28 31 
400 24 
356 21 
449 37 
379 83 
390 62 
344 60 
151 60 
386 48 
31 58 
338 89 
409 73 
498 17 
121 14 
310 73 
162 15 
116 62 
287 29 
56 8 
37 27 
395 63 
86 6 
262 77 
272 10 
71 45 
308 3 
164 58 
193 17 
472 13 
417 89 
159 62 
310 33 
62 59 
304 34 
184 30 
52 70 
498 95 
300 66 
270 58 
359 48 
192 27 
451 7 
371 97 
103 95 
175 22 
480 3 
259 42 
495 15 
242 88 
8 93 
91 93 
298 34 
118 37 
161 48 
387 17 
432 4 
236 52 
28 17 
343 34 
316 67 
253 81 
248 35 
183 50 
201 82 
99 8 
159 25 
37 45 
5 43 
226 18 
172 42 
65 49 
481 91 
497 13 
337 66 
112 47 
468 5 
412 47 
479 61 
160 65 
500 75 
144 98 
438 92 
213 68 
56 59 
480 31 
463 92 
321 9 
451 58 
428 50 
293 77 
421 52 
157 94 
179 11 
63 39 
335 71 
452 13 
230 37 
273 63 
364 40 
224 47 
371 27 
25 53 
73 43 
369 21 
417 34 
182 95 
126 31 
51 27 
299 85 
12 39 
353 16 
349 54 
123 98 
344 38 
403 25 
328 45 
80 87 
434 56 
69 83 
498 45 
482 6 
45 55 
146 60 
234 80 
99 50 
453 86 
161 64 
450 70 
277 56 
436 17 
98 87 
50 18 
168 68 
115 73 
210 76 
233 3 
56 2 
319 4 
491 47 
172 63 
270 6 
136 64 
48 71 
427 55 
431 21 
275 50 
173 46 
34 16 
398 52 
126 33 
118 13 
438 75 
106 37 
41 32 
272 16 
456 13 
85 10 
173 40 
448 96 
263 21 
314 73 
41 35 
214 29 
410 14 
213 94 
455 73 
79 59 
294 71 
60 44 
182 96 
112 65 
496 72 
97 15 
190 55 
365 41 
241 40 
254 68 
441 78 
126 80 
237 8 
367 19 
175 82 
373 14 
470 24 
105 13 
155 85 
232 27 
244 41 
5 29 
29 16 
170 46 
371 98 
168 21 
145 50 
376 51 
435 90 
104 29 
90 52 
141 33 
409 12 
233 52 
248 60 
376 1 
65 85 
482 91 
93 40 
414 2 
372 3 
102 40 
150 60 
68 48 
41 96 
185 84 
284 89 
83 37 
483 23 
488 9 
307 36 
381 95 
333 18 
321 50 
275 11 
279 88 
332 89 
39 76 
371 94 
86 15 
126 35 
1 95 
347 23 
39 71 
235 65 
362 87 
307 87 
61 37 
385 88 
142 57 
162 57 
324 52 
87 63 
197 59 
452 96 
265 33 
279 72 
275 80 
480 8 
252 68 
282 24 
146 17 
17 94 
340 69 
147 53 
325 39 
68 28 
417 55 
41 84 
142 87 
58 94 
220 21 
77 34 
42 80 
495 70 
227 69 
192 18 
92 77 
281 24 
134 56 
58 6 
233 59 
86 39 
89 49 
414 62 
122 32 
476 69 
456 39 
216 5 
83 63 
448 16 
484 10 
286 42 
67 70 
371 24 
35 35 
303 50 
148 16 
240 47 
432 34 
417 59 
41 2 
487 31 
349 25 
215 70 
275 48 
387 27 
439 83 
214 43 
488 95 
59 34 
101 59 
71 61 
88 61 
284 19 
270 18 
389 92 
284 87 
340 89 
440 2 
241 41 
271 81 
382 15 
458 50 
376 45 
59 35 
67 52 
189 94 
125 21 
214 9 
13 25 
281 68 
481 39 
389 82 
107 38 
261 75 
10 66 
83 56 
358 57 
376 32 
77 76 
56 54 
13 79 
47 25 
285 10 
375 70 
6 36 
279 95 
451 94 
466 15 
140 62 
151 14 
176 64 
151 84 
296 48 
11 40 
296 62 
194 18 
134 13 
434 81 
31 73 
31 97 
370 16 
314 25 
322 75 
444 19 
358 42 
157 17 
438 87 
156 8 
202 12 
257 12 
299 45 
456 55 
143 52 
246 65 
198 61 
253 78 
284 38 
192 62 
166 5 
99 15 
423 82 
81 16 
166 98 
315 57 
287 93 
356 82 
425 39 
489 26 
368 16 
109 69 
442 41 
351 72 
230 59 
311 38 
303 13 
433 6 
478 16 
307 9 
281 19 
401 99 
210 62 
308 83 
220 57 
30 69 
458 82 
341 98 
85 24 
24 52 
48 78 
149 76 
448 34 
184 66 
426 28 
289 82 
35 73 
435 12 
92 48 
276 36 
82 10 
360 66 
478 56 
279 44 
192 99 
262 51 
162 12 
232 70 
311 88 
293 29 
355 99 
437 79 
238 40 
119 50 
230 48 
94 8 
298 3 
259 95 
28 1 
405 89 
144 33 
176 88 
32 70 
426 58 
178 64 
20 83 
89 24 
38 61 
130 69 
232 73 
418 19 
137 89 
85 85 
282 70 
222 89 
447 5 
183 15 
202 69 
491 50 
143 53 
310 93 
111 12 
493 99 
99 35 
332 40 
417 7 
420 1 
292 74 
298 47 
79 17 
374 55 
255 58 
313 65 
25 13 
414 40 
83 87 
364 74 
165 78 
245 92 
300 93 
191 91 
1 69 
185 6 
84 7 
121 80 
219 90 
282 21 
292 44 
195 8 
420 31 
200 27 
137 39 
172 59 
341 51 
263 14 
472 29 
56 81 
163 39 
239 93 
249 37 
451 25 
494 29 
103 32 
444 97 
69 33 
213 61 
285 50 
196 21 
229 68 
453 63 
176 4 
494 87 
158 70 
107 91 
185 43 
338 73 
203 93 
246 14 
42 97 
129 7 
171 42 
6 77 
396 67 
19 91 
150 88 
291 26 
372 66 
88 10 
307 51 
165 51 
334 27 
455 43 
490 66 
135 75 
435 9 
347 31 
361 98 
377 18 
338 78 
7 89 
294 80 
230 68 
2 8 
154 20 
50 58 
218 79 
424 68 
368 28 
301 51 
181 31 
176 58 
119 48 
97 78 
491 58 
296 38 
364 14 
61 9 
192 89 
127 51 
188 81 
192 74 
225 90 
2 5 
337 44 
439 64 
48 86 
50 27 
402 94 
353 81 
90 27 
495 56 
180 85 
282 42 
204 74 
363 12 
188 30 
374 22 
370 73 
30 50 
231 88 
22 54 
73 26 
141 58 
391 48 
386 76 
114 69 
177 49 
347 82 
69 86 
418 21 
110 57 
246 93 
78 55 
333 95 
16 23 
226 85 
21 37 
206 65 
177 33 
138 54 
446 56 
110 93 
286 44 
300 92 
108 80 
381 91 
326 40 
383 22 
238 37 
488 11 
69 38 
306 93 
251 55 
91 62 
202 54 
404 28 
453 28 
394 59 
322 63 
22 97 
27 51 
322 67 
409 43 
160 67 
405 30 
200 95 
41 28 
383 48 
412 9 
435 4 
443 61 
445 85 
439 90 
386 5 
89 16 
247 18 
2 7 
438 37 
184 21 
165 33 
300 65 
348 16 
263 97 
124 30 
491 4 
185 29 
112 69 
452 38 
355 34 
48 53 
143 30 
17 97 
486 34 
240 10 
156 35 
184 1 
276 47 
474 34 
3 30 
432 18 
40 46 
295 88 
69 1 
332 8 
112 80 
29 58 
382 14 
425 4 
332 16 
87 29 
117 87 
364 98 
179 58 
296 86 
131 91 
160 4 
185 35 
361 62 
299 78 
304 38 
326 6 
267 89 
354 38 
211 16 
280 9 
369 57 
230 14 
438 30 
329 88 
317 34 
46 19 
205 38 
449 64 
443 43 
478 69 
358 69 
318 53 
298 6 
361 45 
499 97 
330 11 
9 70 
184 51 
21 74 
411 91 
163 62 
477 4 
427 16 
325 29 
456 1 
395 66 
487 81 
457 40 
317 47 
353 65 
488 42 
9 41 
277 20 
458 22 
424 27 
357 25 
93 92 
15 52 
138 17 
377 54 
294 58 
294 51 
222 96 
267 75 
449 75 
8 24 
68 62 
498 58 
370 28 
287 75 
274 30 
181 86 
242 72 
128 27 
200 85 
31 40 
343 60 
462 97 
105 45 
116 96 
127 38 
325 31 
121 24 
144 41 
408 71 
444 41 
372 70 
47 1 
137 50 
23 1 
142 15 
488 14 
278 70 
455 29 
423 43 
288 22 
399 54 
115 91 
488 41 
44 39 
332 18 
70 36 
101 78 
325 44 
254 49 
260 58 
222 56 
294 28 
128 61 
318 42 
419 30 
154 90 
170 61 
421 36 
107 82 
102 25 
35 90 
480 9 
48 23 
292 48 
478 34 
307 28 
91 33 
245 67 
260 55 
445 34 
9 85 
389 55 
153 45 
351 77 
316 81 
272 4 
232 18 
218 17 
140 92 
479 65 
271 10 
11 15 
114 56 
370 13 
327 72 
258 56 
102 24 
337 50 
310 22 
456 57 
272 58 
28 35 
203 12 
147 31 
95 71 
342 1 
196 37 
3 25 
494 13 
36 80 
11 95 
238 1 
315 74 
428 69 
342 36 
159 50 
216 79 
41 68 
385 79 
290 33 
443 34 
450 90 
452 80 
3 39 
114 76 
60 17 
44 41 
184 97 
328 24 
92 20 
299 2 
499 91 
240 16 
129 20 
28 54 
239 24 
111 49 
28 9 
17 91 
393 97 
185 2 
421 24 
355 56 
494 76 
51 84 
70 97 
447 50 
105 31 
119 54 
444 85 
475 70 
494 31 
369 27 
318 47 
210 10 
136 70 
11 38 
429 19 
397 23 
36 54 
157 80 
395 43 
235 18 
59 29 
41 89 
29 89 
239 20 
334 77 
417 98 
499 30 
406 51 
438 47 
345 74 
376 23 
228 64 
494 27 
212 91 
81 29 
110 51 
488 13 
248 4 
434 31 
260 2 
193 44 
101 43 
198 68 
41 46 
78 68 
76 54 
171 39 
120 58 
278 5 
146 43 
158 88 
11 47 
276 26 
270 50 
26 48 
91 60 
256 85 
141 21 
251 54 
137 27 
274 34 
382 25 
311 24 
253 68 
315 30 
387 69 
338 98 
54 55 
410 8 
251 36 
345 31 
286 57 
423 99 
470 57 
208 74 
337 6 
162 88 
113 45 
228 47 
485 14 
18 4 
133 94 
417 65 
354 26 
255 44 
205 28 
484 53 
274 82 
319 92 
247 11 
238 41 
453 12 
166 21 
301 83 
403 86 
344 46 
278 57 
209 6 
465 12 
207 94 
14 22 
47 64 
229 17 
468 97 
156 22 
273 11 
38 37 
436 54 
137 22 
91 12 
235 66 
299 19 
347 17 
65 97 
313 34 
197 35 
185 81 
58 68 
500 56 
467 82 
367 85 
262 47 
235 31 
430 13 
299 31 
435 73 
415 49 
355 46 
281 27 
403 89 
181 30 
437 63 
233 47 
193 77 
262 6 
253 35 
29 93 
208 69 
152 32 
442 52 
194 11 
311 73 
352 82 
424 2 
88 19 
399 64 
464 42 
50 29 
244 17 
50 51 
94 36 
33 24 
394 95 
387 32 
186 77 
146 44 
281 86 
92 67 
242 20 
13 27 
140 53 
342 21 
395 88 
445 8 
197 46 
370 48 
249 91 
343 44 
334 89 
416 5 
235 90 
361 55 
359 54 
468 60 
221 55 
188 95 
440 61 
232 30 
480 94 
139 83 
221 87 
493 82 
83 7 
183 14 
373 37 
73 2 
366 96 
148 24 
446 75 
114 95 
472 72 
180 43 
285 61 
301 8 
222 2 
180 9 
286 86 
257 76 
428 27 
92 93 
237 89 
69 68 
482 52 
237 47 
27 32 
230 99 
51 51 
150 98 
119 73 
37 35 
184 79 
211 28 
303 40 
28 82 
257 75 
409 65 
500 42 
70 58 
477 91 
334 91 
316 75 
210 34 
441 50 
174 2 
172 97 
42 14 
263 98 
51 45 
92 34 
427 9 
412 21 
4 49 
476 67 
288 69 
444 88 
232 85 
235 68 
426 35 
438 71 
465 90 
179 38 
66 2 
248 47 
410 50 
80 91 
280 69 
66 40 
97 3 
323 19 
466 11 
445 36 
172 87 
351 48 
134 2 
347 50 
362 2 
242 30 
281 55 
110 84 
222 88 
427 5 
250 46 
463 96 
38 76 
378 5 
286 7 
127 86 
18 65 
162 66 
434 32 
88 15 
272 31 
30 70 
11 91 
256 46 
200 78 
87 53 
57 61 
450 26 
360 38 
256 91 
61 58 
7 30 
330 43 
392 68 
473 40 
122 69 
7 88 
53 97 
493 46 
312 7 
372 51 
67 96 
75 85 
404 58 
46 98 
441 3 
323 36 
140 60 
296 52 
283 23 
132 22 
456 71 
364 93 
435 29 
250 65 
256 4 
378 3 
54 52 
265 27 
61 44 
67 43 
265 31 
90 31 
87 93 
446 14 
163 33 
415 78 
356 20 
282 59 
316 76 
298 44 
46 74 
491 40 
363 96 
109 6 
239 32 
68 82 
113 99 
34 3 
145 94 
143 72 
239 56 
79 65 
357 54 
499 51 
339 14 
325 68 
260 35 
112 79 
335 78 
428 82 
34 11 
289 70 
176 8 
380 21 
246 34 
71 46 
86 59 
226 44 
30 67 
173 68 
123 35 
118 5 
300 4 
359 75 
307 32 
115 92 
470 25 
482 71 
32 82 
398 30 
319 81 
485 58 
97 6 
198 64 
385 51 
49 43 
47 69 
18 38 
130 2 
352 34 
303 4 
100 97 
497 11 
11 58 
185 27 
25 91 
344 15 
243 23 
215 50 
187 68 
418 36 
372 63 
143 36 
184 25 
167 34 
389 45 
458 37 
384 66 
82 80 
271 97 
360 59 
178 8 
108 8 
109 15 
272 97 
322 16 
281 10 
301 37 
24 92 
107 49 
127 90 
318 36 
195 18 
452 57 
368 67 
312 76 
315 93 
250 58 
147 19 
180 36 
149 45 
24 7 
48 46 
209 26 
335 56 
371 33 
492 16 
475 29 
124 65 
59 27 
105 50 
126 68 
76 99 
232 6 
251 39 
257 83 
83 86 
62 66 
139 93 
365 87 
381 79 
159 1 
221 38 
362 35 
355 76 
160 62 
375 84 
386 39 
39 28 
257 49 
320 64 
491 67 
20 70 
244 3 
68 18 
214 70 
456 65 
366 72 
83 89 
232 36 
124 96 
222 12 
432 61 
392 58 
193 58 
278 67 
336 82 
466 25 
492 14 
310 77 
163 90 
70 93 
446 92 
282 60 
331 75 
319 40 
499 55 
95 79 
321 15 
81 88 
51 62 
393 91 
478 58 
82 43 
450 58 
18 51 
284 61 
327 69 
300 21 
214 73 
406 80 
268 65 
450 85 
496 93 
308 67 
374 13 
143 73 
189 39 
58 26 
11 20 
76 32 
337 95 
277 70 
44 13 
94 5 
499 64 
459 69 
111 52 
203 54 
468 50 
166 62 
448 3 
390 86 
210 33 
305 9 
389 25 
416 18 
275 71 
260 69 
19 99 
436 42 
204 34 
8 48 
220 20 
298 85 
72 42 
256 88 
116 89 
390 63 
49 11 
71 92 
471 42 
65 45 
366 73 
361 65 
252 41 
381 17 
454 65 
357 74 
328 32 
496 4 
389 95 
477 5 
261 65 
273 22 
334 53 
423 48 
22 69 
452 20 
190 56 
175 72 
145 23 
316 44 
216 32 
299 30 
154 6 
416 8 
469 64 
177 56 
358 82 
492 15 
184 32 
293 33 
10 45 
54 85 
192 48 
481 87 
287 43 
51 11 
114 62 
77 4 
175 34 
381 35 
119 80 
408 45 
27 29 
247 55 
88 53 
377 52 
428 64 
491 62 
185 98 
469 78 
305 76 
322 72 
447 3 
141 1 
64 45 
492 54 
203 17 
434 33 
424 21 
47 46 
243 6 
168 74 
212 76 
111 6 
165 64 
354 55 
405 25 
254 18 
156 4 
155 70 
198 94 
479 18 
213 46 
119 49 
425 83 
42 28 
497 79 
265 55 
70 40 
144 81 
247 52 
93 4 
210 56 
379 59 
484 21 
100 34 
156 56 
389 53 
59 54 
291 59 
45 11 
113 76 
484 37 
129 85 
416 9 
303 70 
31 21 
266 63 
45 96 
13 5 
105 62 
69 93 
79 26 
492 57 
106 64 
64 86 
22 57 
135 49 
470 60 
279 67 
333 77 
442 2 
300 29 
319 88 
420 35 
29 46 
250 1 
434 21 
361 59 
244 61 
228 42 
36 95 
279 15 
326 88 
204 83 
438 58 
333 3 
396 64 
31 82 
192 37 
3 86 
409 32 
332 65 
247 6 
305 68 
223 49 
488 45 
134 97 
268 81 
17 31 
167 48 
462 22 
487 45 
197 16 
255 40 
451 75 
314 18 
121 66 
14 79 
22 20 
163 88 
411 22 
241 99 
270 84 
240 52 
30 68 
465 1 
191 3 
248 94 
91 82 
272 80 
236 49 
386 98 
441 35 
231 71 
388 25 
372 21 
427 74 
309 51 
201 85 
367 76 
478 51 
61 35 
349 45 
221 13 
445 43 
446 16 
216 38 
383 75 
169 58 
312 22 
204 58 
357 33 
145 37 
161 57 
97 13 
302 90 
309 68 
89 45 
231 6 
312 35 
379 55 
164 75 
58 38 
188 51 
327 55 
370 97 
463 23 
26 9 
255 28 
251 94 
337 70 
339 52 
467 66 
430 12 
26 88 
455 80 
224 6 
219 22 
125 9 
158 32 
253 37 
23 12 
177 15 
75 19 
134 48 
278 72 
286 43 
81 31 
372 98 
206 81 
320 83 
301 85 
486 90 
300 15 
416 67 
342 10 
332 42 
275 51 
347 14 
60 89 
85 71 
394 61 
464 87 
128 73 
449 7 
299 32 
492 58 
204 94 
275 45 
452 41 
295 41 
321 61 
394 53 
298 91 
427 73 
322 81 
337 2 
362 71 
178 6 
246 1 
54 81 
168 98 
350 11 
91 48 
103 28 
82 33 
427 80 
399 62 
74 24 
188 28 
83 96 
279 75 
479 44 
47 93 
126 65 
456 80 
423 75 
117 44 
343 45 
120 70 
165 45 
101 35 
269 98 
159 27 
420 68 
25 77 
233 89 
117 28 
273 44 
343 4 
69 34 
158 35 
352 68 
3 62 
229 66 
374 33 
401 81 
114 98 
280 25 
283 87 
295 8 
315 41 
336 73 
238 86 
138 83 
469 44 
177 51 
278 40 
188 38 
230 73 
45 27 
226 2 
20 33 
434 75 
354 65 
263 30 
92 78 
384 76 
108 77 
37 75 
369 2 
433 79 
44 18 
128 58 
66 74 
405 41 
220 1 
131 17 
425 50 
276 40 
342 75 
382 79 
350 35 
21 19 
264 94 
67 10 
471 85 
98 83 
248 85 
1 59 
221 21 
34 24 
444 21 
429 65 
220 79 
78 72 
274 63 
77 33 
111 15 
282 58 
155 43 
303 33 
66 69 
55 88 
483 66 
105 36 
41 54 
295 22 
465 59 
158 49 
12 59 
19 88 
258 97 
253 18 
143 61 
292 19 
6 49 
341 36 
132 70 
405 45 
296 11 
442 85 
16 73 
445 94 
335 87 
432 51 
460 76 
13 32 
198 34 
326 42 
216 12 
491 78 
89 53 
436 24 
297 78 
245 35 
238 49 
146 4 
65 10 
32 61 
185 92 
42 11 
148 76 
417 42 
201 54 
291 28 
157 26 
298 46 
272 89 
55 28 
284 51 
347 35 
50 21 
133 54 
67 28 
97 42 
334 3 
461 1 
411 70 
380 77 
69 13 
121 86 
132 62 
375 24 
236 43 
162 82 
475 74 
413 79 
500 31 
24 56 
488 23 
384 2 
51 46 
96 13 
154 18 
392 85 
358 44 
349 43 
123 7 
208 50 
150 63 
14 46 
428 29 
275 74 
490 38 
237 2 
294 88 
54 64 
6 78 
437 43 
16 45 
467 72 
29 61 
41 25 
345 44 
347 26 
152 78 
149 46 
469 50 
210 42 
399 76 
44 72 
293 65 
292 2 
116 72 
300 91 
305 15 
302 2 
475 2 
114 88 
66 58 
156 26 
46 33 
452 34 
461 42 
300 80 
459 82 
466 90 
295 37 
321 40 
401 82 
354 30 
79 78 
433 11 
167 8 
318 39 
25 87 
232 42 
81 46 
216 11 
344 99 
114 28 
104 85 
143 12 
149 95 
82 18 
133 89 
51 41 
353 44 
306 7 
138 73 
438 43 
78 12 
10 17 
268 24 
143 96 
463 76 
154 21 
13 11 
491 54 
25 19 
447 34 
385 99 
202 65 
394 47 
139 22 
364 58 
205 50 
281 50 
202 89 
254 37 
397 45 
220 35 
388 90 
449 49 
28 58 
396 9 
172 84 
408 43 
3 29 
161 28 
341 71 
53 57 
141 68 
68 83 
221 43 
220 85 
252 14 
129 89 
83 91 
103 17 
373 22 
346 87 
215 6 
256 23 
244 69 
377 33 
197 62 
336 8 
294 78 
182 74 
93 15 
411 69 
28 2 
195 17 
269 58 
383 25 
142 84 
71 30 
176 99 
486 60 
167 13 
15 77 
194 37 
326 13 
416 95 
122 3 
126 66 
220 30 
161 26 
78 58 
204 9 
247 84 
206 88 
219 30 
32 25 
152 73 
134 42 
483 35 
477 92 
407 56 
156 65 
202 31 
321 85 
276 32 
398 47 
8 84 
189 64 
296 17 
265 12 
218 23 
288 7 
337 14 
108 71 
76 74 
309 18 
401 1 
249 72 
447 35 
140 94 
241 78 
171 77 
384 57 
195 35 
333 12 
85 37 
447 84 
347 65 
307 98 
30 59 
194 46 
378 15 
58 14 
18 56 
271 6 
117 1 
254 39 
157 12 
387 97 
174 14 
281 28 
394 81 
398 94 
354 11 
336 85 
443 6 
352 58 
377 7 
395 55 
143 38 
97 22 
353 84 
135 89 
74 44 
383 7 
268 50 
203 62 
319 37 
164 84 
497 32 
83 52 
231 10 
118 71 
344 81 
150 86 
96 55 
380 63 
367 2 
364 79 
348 53 
66 80 
68 85 
207 69 
393 59 
182 15 
308 86 
120 83 
25 16 
1 17 
9 87 
55 26 
163 85 
315 66 
92 37 
277 43 
83 26 
301 41 
214 12 
438 76 
128 63 
141 61 
125 12 
345 20 
124 81 
50 48 
203 1 
162 36 
128 87 
8 79 
171 74 
182 65 
2 81 
28 76 
234 23 
443 75 
499 62 
402 57 
438 44 
176 63 
498 77 
290 22 
446 81 
71 73 
164 16 
103 89 
346 66 
253 71 
44 65 
171 95 
357 61 
325 28 
462 99 
446 51 
92 46 
155 59 
251 67 
173 58 
197 53 
473 68 
433 34 
87 33 
346 52 
90 82 
148 33 
202 6 
135 6 
360 83 
274 71 
261 44 
203 50 
257 66 
153 30 
117 78 
224 82 
444 36 
415 95 
500 46 
38 3 
436 98 
221 91 
229 11 
277 69 
426 83 
495 63 
296 89 
351 65 
133 98 
347 97 
492 55 
80 84 
234 45 
227 75 
49 93 
369 15 
155 65 
310 82 
287 41 
437 64 
85 32 
193 85 
226 29 
15 98 
106 41 
87 52 
169 71 
124 40 
437 88 
25 4 
207 64 
118 84 
222 48 
458 96 
303 1 
109 72 
166 41 
278 85 
200 34 
230 80 
122 14 
355 31 
463 49 
341 93 
339 56 
487 79 
116 37 
75 54 
37 15 
120 18 
10 89 
342 51 
482 33 
497 50 
87 13 
497 80 
277 19 
475 35 
281 59 
170 24 
147 1 
47 73 
123 26 
129 39 
481 66 
274 21 
342 74 
391 99 
351 14 
415 2 
322 29 
249 16 
108 41 
479 98 
201 52 
335 44 
84 36 
187 6 
298 97 
241 88 
444 28 
27 72 
462 49 
257 4 
421 10 
281 58 
172 12 
67 97 
410 71 
303 66 
78 30 
91 28 
119 28 
119 8 
136 41 
417 28 
145 65 
365 94 
268 88 
312 65 
207 39 
280 29 
40 67 
422 53 
499 58 
475 93 
368 73 
352 86 
357 2 
85 61 
118 55 
44 28 
363 25 
432 43 
78 81 
349 77 
480 14 
187 97 
436 39 
15 56 
272 87 
364 9 
259 65 
497 73 
368 87 
343 80 
221 4 
436 47 
338 41 
364 57 
138 77 
242 44 
403 14 
23 50 
351 6 
254 55 
326 36 
65 98 
344 55 
171 83 
238 18 
459 79 
299 74 
158 30 
106 43 
345 16 
476 84 
267 33 
239 33 
344 47 
392 76 
419 82 
419 31 
35 88 
282 38 
143 32 
152 74 
238 83 
235 17 
377 61 
194 52 
119 43 
454 31 
2 32 
109 20 
493 24 
405 8 
480 51 
467 14 
197 79 
29 39 
208 31 
259 36 
122 19 
415 72 
157 61 
481 68 
352 35 
171 21 
312 64 
393 76 
118 25 
465 18 
174 29 
73 45 
256 24 
315 11 
489 53 
24 81 
26 52 
270 85 
162 10 
319 93 
378 54 
212 1 
150 11 
339 98 
59 53 
212 39 
302 89 
20 82 
484 19 
205 89 
242 98 
440 40 
254 33 
106 73 
131 62 
407 64 
285 19 
474 40 
188 99 
283 25 
277 78 
143 16 
55 33 
272 84 
243 59 
161 51 
8 72 
199 35 
355 98 
190 14 
422 59 
60 92 
106 80 
402 28 
108 35 
382 54 
290 51 
366 71 
288 83 
44 63 
93 20 
452 87 
147 61 
11 74 
48 20 
134 51 
454 35 
20 63 
445 80 
194 38 
395 18 
256 33 
214 11 
209 56 
346 92 
77 35 
394 58 
155 71 
53 79 
311 66 
223 64 
377 10 
10 49 
26 73 
326 1 
98 30 
117 73 
173 11 
109 57 
337 43 
462 15 
321 7 
29 64 
397 78 
43 29 
434 95 
105 6 
364 23 
55 31 
134 25 
81 12 
211 7 
488 26 
230 6 
219 72 
363 51 
139 18 
317 44 
231 34 
113 54 
196 97 
133 24 
344 69 
146 22 
48 89 
22 31 
428 18 
169 88 
385 47 
245 15 
475 85 
401 17 
234 41 
171 61 
362 98 
125 90 
53 1 
456 7 
78 79 
217 16 
23 16 
423 62 
247 8 
209 51 
407 68 
19 63 
120 91 
156 76 
362 53 
164 8 
201 42 
80 24 
449 6 
103 29 
19 17 
21 61 
282 82 
320 63 
447 2 
487 96 
420 59 
129 86 
91 37 
130 39 
397 5 
464 75 
110 30 
408 55 
61 25 
278 64 
280 88 
219 94 
422 66 
6 74 
270 96 
485 30 
443 39 
260 23 
460 8 
369 83 
114 90 
43 85 
223 39 
201 53 
241 44 
496 30 
208 38 
120 54 
238 23 
259 11 
482 59 
351 79 
349 27 
112 33 
172 61 
367 48 
176 91 
109 10 
447 76 
369 54 
265 20 
496 81 
459 22 
9 48 
148 48 
424 91 
253 86 
209 11 
50 70 
349 59 
411 74 
186 69 
14 53 
39 53 
5 80 
382 91 
460 26 
22 76 
257 35 
26 5 
343 23 
493 90 
287 64 
217 1 
11 55 
123 46 
221 84 
18 34 
471 3 
44 90 
234 5 
391 29 
248 37 
86 48 
55 74 
153 54 
287 99 
341 4 
103 93 
41 97 
242 93 
205 29 
440 19 
455 67 
467 86 
199 7 
183 63 
8 69 
423 61 
312 60 
305 73 
456 88 
468 66 
402 14 
192 90 
216 45 
484 66 
476 26 
249 53 
290 69 
256 86 
479 73 
15 10 
161 98 
483 68 
42 86 
495 23 
123 74 
483 17 
207 17 
48 37 
442 10 
473 7 
153 61 
87 49 
468 89 
20 46 
391 97 
183 27 
249 56 
367 69 
14 35 
426 4 
284 45 
269 32 
95 70 
445 32 
422 95 
190 54 
248 58 
63 65 
291 7 
27 17 
145 46 
335 77 
471 92 
210 68 
61 43 
38 22 
73 86 
215 86 
98 17 
353 52 
459 67 
68 44 
165 71 
49 75 
61 32 
264 5 
14 60 
163 46 
265 71 
69 88 
463 83 
328 78 
422 31 
388 24 
11 18 
158 98 
105 20 
105 34 
223 28 
246 6 
280 57 
73 77 
391 68 
156 38 
456 74 
389 4 
482 27 
138 81 
19 39 
189 55 
422 64 
93 26 
46 83 
476 21 
425 86 
72 68 
314 62 
142 96 
408 62 
56 24 
274 8 
274 92 
172 88 
451 35 
53 74 
304 31 
213 53 
313 57 
407 14 
455 37 
81 27 
223 31 
62 22 
170 25 
89 71 
137 75 
473 19 
146 47 
123 75 
347 3 
79 10 
353 94 
382 94 
150 33 
296 78 
76 55 
293 73 
82 93 
483 10 
466 62 
342 79 
295 9 
242 15 
245 89 
325 22 
404 9 
319 50 
291 77 
40 32 
76 64 
226 27 
146 40 
100 20 
141 91 
425 11 
475 54 
354 6 
331 2 
229 9 
212 97 
168 76 
449 45 
254 20 
330 3 
136 72 
479 95 
392 22 
77 41 
21 79 
5 31 
20 53 
316 7 
60 55 
359 6 
142 32 
20 42 
297 58 
12 72 
38 5 
259 6 
483 42 
423 3 
131 25 
351 35 
244 92 
46 4 
98 56 
129 19 
35 37 
310 36 
230 29 
92 95 
43 99 
213 45 
157 95 
260 87 
430 16 
1 58 
97 55 
188 8 
236 81 
6 67 
52 18 
10 37 
178 96 
8 83 
39 80 
97 70 
486 64 
163 47 
88 3 
445 99 
241 93 
176 13 
457 88 
97 95 
51 79 
420 10 
6 68 
158 29 
393 75 
299 69 
90 54 
213 7 
79 46 
73 9 
120 19 
25 63 
320 60 
88 31 
128 3 
263 34 
313 3 
172 29 
87 30 
242 60 
55 55 
183 75 
71 98 
57 68 
248 74 
225 60 
183 96 
320 42 
470 30 
398 6 
237 73 
356 95 
466 7 
415 5 
394 8 
425 52 
183 90 
203 84 
367 88 
114 31 
500 57 
274 76 
404 60 
338 85 
470 3 
121 64 
3 61 
95 41 
398 40 
442 32 
271 31 
220 40 
366 20 
395 10 
466 30 
465 39 
445 76 
277 39 
440 45 
80 94 
144 2 
441 82 
360 22 
43 97 
331 73 
158 23 
3 99 
330 52 
115 89 
494 55 
215 55 
393 20 
93 84 
2 18 
231 25 
299 18 
159 71 
189 31 
500 4 
453 71 
427 28 
460 46 
212 46 
27 71 
388 83 
460 10 
36 21 
10 24 
491 95 
495 97 
499 83 
271 11 
328 65 
156 46 
305 1 
279 76 
113 48 
479 19 
219 50 
79 95 
324 75 
23 37 
253 1 
391 54 
98 54 
493 64 
381 73 
18 31 
327 90 
176 96 
338 90 
99 11 
117 6 
63 53 
396 42 
446 13 
242 18 
32 58 
404 21 
132 71 
303 20 
433 18 
76 8 
373 73 
228 52 
31 59 
356 60 
126 77 
373 48 
178 32 
372 7 
220 75 
147 91 
389 6 
3 45 
73 51 
55 51 
226 7 
305 83 
287 97 
71 43 
82 66 
156 5 
189 28 
323 96 
221 66 
277 53 
39 84 
47 90 
221 68 
487 10 
477 99 
408 87 
293 76 
494 14 
438 51 
441 10 
49 57 
416 1 
304 40 
469 63 
414 19 
461 56 
63 34 
364 6 
490 11 
371 15 
77 55 
138 60 
180 45 
252 28 
55 62 
474 88 
140 38 
171 80 
480 67 
115 32 
121 38 
127 42 
443 69 
440 28 
393 81 
39 52 
218 28 
235 5 
183 7 
348 52 
65 40 
312 15 
316 54 
291 91 
173 17 
31 89 
107 70 
364 75 
55 64 
102 9 
139 20 
35 43 
28 67 
287 91 
418 66 
239 41 
293 88 
370 51 
366 9 
260 70 
70 28 
351 80 
156 30 
90 87 
166 66 
119 31 
133 57 
34 85 
309 75 
89 18 
350 46 
313 8 
146 26 
144 93 
354 82 
351 28 
130 59 
227 59 
434 78 
255 55 
291 44 
60 9 
349 44 
219 8 
35 45 
286 91 
340 11 
310 71 
328 33 
203 73 
413 50 
19 38 
61 85 
178 89 
241 89 
422 33 
409 29 
364 25 
150 65 
374 96 
445 11 
80 60 
465 13 
333 90 
387 68 
176 41 
338 22 
278 36 
486 14 
237 31 
8 95 
491 15 
322 14 
474 99 
450 29 
392 61 
74 99 
457 35 
363 6 
219 59 
319 71 
252 58 
336 45 
195 4 
53 20 
468 26 
359 41 
377 48 
386 4 
381 75 
372 72 
300 36 
154 83 
362 60 
368 26 
445 58 
12 37 
69 54 
439 99 
331 68 
375 61 
164 65 
200 4 
156 15 
452 12 
39 21 
315 46 
425 94 
121 7 
472 95 
308 39 
260 50 
36 76 
26 66 
47 38 
91 26 
70 20 
411 55 
17 22 
327 16 
477 65 
214 46 
15 37 
76 68 
60 57 
31 65 
386 54 
476 61 
62 86 
120 44 
257 11 
195 50 
219 26 
295 28 
379 26 
108 47 
294 43 
122 82 
222 57 
327 85 
184 37 
245 52 
69 89 
193 4 
105 32 
119 19 
162 4 
298 53 
113 46 
133 60 
160 61 
296 83 
481 88 
465 42 
105 2 
111 86 
125 61 
198 28 
207 51 
61 20 
358 39 
232 26 
117 55 
70 44 
274 91 
448 69 
47 26 
275 85 
190 86 
469 43 
487 32 
165 15 
68 13 
255 29 
370 37 
1 78 
376 19 
359 63 
357 57 
464 46 
65 29 
168 96 
45 44 
331 35 
163 94 
114 20 
397 74 
176 48 
307 29 
80 64 
435 77 
164 70 
429 72 
492 13 
453 5 
114 89 
278 65 
225 62 
80 47 
374 54 
251 80 
369 23 
352 31 
330 7 
419 9 
484 95 
134 12 
391 20 
297 66 
335 79 
77 8 
82 45 
216 97 
24 33 
399 46 
412 67 
314 36 
412 16 
158 99 
86 99 
303 78 
276 23 
82 8 
304 22 
431 86 
302 32 
500 13 
191 46 
38 69 
481 1 
288 40 
322 58 
228 74 
377 91 
468 27 
428 97 
364 49 
53 95 
353 25 
150 6 
297 6 
431 35 
82 62 
456 23 
279 79 
335 38 
372 64 
56 6 
60 48 
424 32 
350 5 
217 12 
131 71 
472 9 
263 94 
274 88 
27 22 
394 34 
206 40 
287 56 
99 55 
194 31 
300 73 
32 35 
1 44 
483 85 
154 32 
247 44 
252 1 
162 16 
372 58 
249 6 
255 27 
272 5 
472 14 
441 99 
187 66 
335 68 
60 52 
35 80 
45 13 
324 28 
75 5 
300 89 
167 79 
360 47 
39 92 
485 85 
307 47 
235 6 
397 71 
466 70 
398 91 
446 76 
417 8 
424 48 
153 28 
21 25 
307 4 
337 54 
280 17 
107 76 
421 3 
193 82 
76 87 
416 27 
392 26 
139 84 
144 16 
432 48 
202 72 
133 81 
113 9 
325 87 
468 54 
318 58 
327 41 
95 59 
233 67 
328 56 
356 52 
368 24 
256 12 
282 80 
141 49 
194 68 
230 24 
88 1 
239 23 
365 18 
13 8 
190 12 
74 68 
352 10 
11 81 
223 41 
370 1 
133 99 
389 13 
109 12 
226 35 
382 96 
114 68 
161 63 
203 49 
90 84 
289 33 
460 82 
136 99 
232 23 
21 29 
464 81 
452 86 
168 37 
28 3 
177 45 
149 50 
426 12 
144 69 
478 1 
434 79 
274 35 
197 56 
261 54 
476 73 
330 38 
387 8 
138 89 
320 93 
77 71 
265 4 
313 89 
446 95 
280 66 
138 39 
177 94 
451 14 
73 60 
128 51 
438 66 
123 83 
196 55 
345 64 
62 48 
460 52 
470 18 
125 80 
485 80 
124 66 
482 75 
160 55 
341 65 
167 30 
343 47 
57 90 
321 76 
207 15 
358 66 
420 36 
39 73 
5 30 
34 66 
385 24 
290 43 
490 54 
322 20 
25 79 
253 98 
440 23 
384 74 
413 64 
285 75 
258 9 
236 56 
167 1 
65 15 
494 50 
90 24 
237 49 
279 7 
469 30 
319 60 
349 87 
267 41 
35 7 
299 48 
71 21 
131 24 
96 51 
189 70 
201 32 
285 90 
372 90 
234 68 
105 85 
101 38 
246 13 
63 32 
180 56 
365 86 
86 10 
467 50 
195 33 
406 75 
20 78 
239 29 
196 73 
211 82 
202 60 
460 96 
409 40 
390 20 
83 54 
104 10 
10 59 
238 99 
232 88 
108 62 
160 37 
491 33 
46 32 
361 4 
427 83 
183 38 
141 55 
207 16 
353 28 
255 97 
114 61 
287 63 
231 79 
237 62 
5 88 
256 97 
478 71 
252 31 
131 22 
56 34 
151 26 
206 38 
357 62 
117 46 
397 81 
336 84 
35 25 
423 53 
250 93 
429 85 
334 33 
75 11 
445 3 
440 77 
96 17 
352 63 
57 10 
341 24 
304 75 
7 26 
155 9 
257 29 
273 79 
70 16 
392 34 
172 64 
207 75 
16 72 
471 77 
142 1 
228 36 
334 5 
345 25 
223 92 
358 51 
489 82 
272 62 
297 67 
253 4 
379 32 
95 22 
455 58 
498 51 
234 71 
145 68 
208 32 
286 62 
178 19 
69 32 
248 5 
236 32 
149 23 
341 50 
79 3 
327 40 
475 66 
119 61 
60 24 
330 28 
56 76 
405 92 
306 16 
403 61 
183 53 
446 50 
451 34 
54 60 
378 60 
181 70 
275 81 
250 87 
455 2 
73 85 
48 32 
471 63 
237 61 
387 95 
2 92 
384 41 
288 55 
470 97 
368 46 
472 19 
450 54 
27 37 
268 89 
89 36 
64 71 
284 96 
205 77 
456 27 
233 84 
436 41 
53 83 
213 97 
492 96 
58 82 
1 48 
268 3 
271 30 
476 90 
40 90 
51 16 
142 74 
337 16 
498 23 
13 3 
131 49 
68 24 
393 48 
380 87 
114 66 
411 16 
286 98 
347 7 
215 77 
472 1 
396 50 
157 60 
293 67 
401 63 
20 32 
52 74 
438 85 
57 81 
492 23 
406 35 
54 9 
258 6 
360 94 
179 18 
268 91 
495 34 
103 82 
377 43 
278 48 
181 42 
18 82 
175 88 
407 29 
111 85 
230 72 
254 82 
113 21 
139 24 
431 71 
54 31 
462 77 
136 56 
193 63 
124 68 
421 64 
161 85 
423 38 
466 61 
79 70 
39 47 
63 20 
87 16 
323 2 
244 98 
323 34 
316 60 
438 69 
297 92 
290 60 
418 84 
447 97 
10 75 
344 44 
137 90 
440 87 
61 34 
480 10 
449 52 
162 27 
150 89 
8 21 
76 16 
413 24 
112 63 
472 56 
64 54 
460 15 
8 88 
76 89 
13 51 
465 24 
168 43 
432 40 
197 39 
19 59 
115 86 
372 33 
393 53 
8 38 
100 62 
302 19 
293 12 
448 28 
295 10 
391 27 
143 78 
211 53 
158 8 
419 35 
499 20 
471 75 
98 58 
293 59 
235 60 
374 59 
437 21 
419 56 
450 9 
481 7 
154 45 
287 96 
370 84 
173 86 
475 64 
478 86 
12 31 
384 18 
364 26 
64 81 
198 54 
174 95 
291 36 
71 25 
181 58 
167 18 
303 95 
328 70 
456 48 
499 23 
480 47 
499 76 
402 89 
158 72 
279 86 
338 62 
481 2 
371 53 
466 94 
255 94 
221 14 
277 92 
237 15 
380 7 
436 75 
224 89 
462 65 
197 2 
407 66 
220 77 
121 95 
277 11 
328 6 
61 11 
442 36 
236 80 
322 18 
354 51 
489 49 
21 4 
321 97 
86 87 
480 82 
270 73 
277 59 
369 5 
285 22 
211 27 
220 22 
368 49 
75 8 
234 58 
404 42 
99 65 
458 45 
439 5 
16 28 
196 74 
355 2 
143 58 
176 78 
257 40 
218 89 
49 79 
415 90 
122 57 
393 82 
384 60 
44 78 
227 50 
377 11 
336 15 
204 92 
244 18 
203 59 
22 42 
317 8 
257 68 
210 41 
18 70 
189 18 
90 14 
401 33 
378 91 
387 83 
342 50 
147 25 
305 89 
376 80 
45 51 
104 13 
393 7 
118 74 
361 99 
426 23 
35 83 
433 42 
77 45 
323 6 
494 72 
166 93 
365 34 
31 11 
332 69 
166 81 
209 93 
103 27 
319 77 
64 94 
316 15 
56 95 
432 47 
493 30 
361 38 
339 61 
255 21 
94 74 
2 67 
46 68 
32 99 
495 17 
76 95 
371 58 
309 10 
411 3 
47 3 
268 38 
303 6 
188 63 
183 28 
397 82 
12 64 
141 99 
446 97 
142 88 
69 11 
338 66 
271 99 
119 27 
46 24 
456 75 
297 7 
89 37 
119 94 
64 76 
129 84 
473 77 
136 33 
314 37 
171 55 
123 92 
102 59 
23 89 
331 65 
204 44 
187 15 
368 18 
171 79 
460 50 
61 66 
203 79 
195 12 
147 69 
12 7 
73 69 
32 64 
55 59 
6 81 
439 79 
208 43 
134 47 
432 79 
260 63 
295 50 
347 42 
328 84 
18 55 
161 32 
23 55 
117 93 
134 40 
60 79 
98 41 
407 63 
117 30 
441 88 
70 4 
413 10 
58 78 
414 30 
153 79 
88 95 
326 28 
39 14 
286 83 
189 5 
116 25 
246 94 
249 17 
79 32 
392 77 
94 33 
380 68 
3 20 
223 76 
184 76 
398 96 
177 92 
481 35 
272 11 
398 23 
356 30 
290 13 
298 8 
411 13 
437 62 
294 16 
404 40 
132 13 
286 11 
374 32 
398 45 
151 99 
146 62 
286 75 
57 29 
454 22 
258 65 
239 55 
85 87 
232 19 
384 79 
255 46 
455 25 
462 74 
488 37 
61 93 
321 38 
101 63 
13 41 
72 74 
459 4 
468 46 
381 1 
100 13 
4 13 
471 49 
256 79 
371 60 
206 2 
471 14 
398 31 
167 77 
396 61 
344 33 
83 44 
284 68 
454 10 
24 82 
191 94 
174 60 
42 16 
239 96 
367 9 
464 64 
399 60 
389 63 
487 18 
391 52 
425 54 
463 61 
398 16 
99 79 
138 3 
392 37 
371 35 
342 66 
268 86 
129 93 
486 96 
58 84 
195 3 
148 74 
479 34 
471 82 
68 59 
22 18 
86 21 
346 56 
174 70 
1 35 
98 43 
160 24 
459 25 
490 82 
205 25 
456 51 
183 35 
276 37 
176 33 
433 8 
279 53 
284 92 
221 36 
187 36 
102 47 
77 87 
109 43 
55 73 
49 92 
369 94 
146 78 
180 93 
450 23 
268 41 
303 97 
490 76 
264 72 
239 43 
450 34 
79 82 
485 65 
117 88 
25 96 
341 21 
425 71 
436 25 
442 72 
469 6 
155 83 
8 89 
238 47 
454 83 
4 72 
74 25 
312 1 
174 56 
207 90 
408 20 
234 28 
427 68 
84 1 
50 79 
395 82 
41 98 
462 88 
144 47 
72 79 
165 74 
328 72 
384 7 
27 66 
464 41 
243 7 
147 80 
432 10 
378 51 
99 52 
385 84 
16 87 
447 17 
152 95 
291 5 
462 6 
262 96 
155 68 
55 52 
100 18 
494 19 
198 22 
437 92 
239 30 
250 70 
164 77 
361 66 
76 25 
237 74 
47 61 
438 13 
158 90 
166 32 
347 10 
463 26 
373 40 
9 5 
406 67 
185 14 
454 78 
482 86 
26 7 
384 32 
247 79 
345 46 
322 8 
400 87 
60 13 
87 11 
136 46 
214 63 
73 55 
477 33 
380 71 
83 41 
247 30 
495 79 
443 48 
246 66 
57 5 
88 57 
329 81 
83 64 
42 41 
221 34 
373 12 
195 78 
96 12 
177 82 
24 16 
242 32 
53 99 
274 93 
303 71 
209 27 
223 77 
237 97 
328 61 
69 43 
478 22 
72 50 
86 49 
286 93 
386 58 
334 12 
363 33 
314 76 
421 79 
405 26 
140 83 
500 97 
394 93 
3 23 
32 68 
217 60 
268 79 
89 8 
19 21 
39 12 
265 62 
306 98 
28 55 
473 69 
289 8 
352 43 
471 35 
41 39 
87 18 
229 46 
453 81 
185 13 
426 48 
60 25 
465 14 
207 80 
163 21 
257 21 
381 11 
135 87 
292 23 
37 10 
252 44 
20 69 
293 97 
247 48 
469 96 
453 22 
367 58 
207 70 
131 37 
43 41 
56 35 
114 4 
253 74 
189 37 
408 27 
162 99 
325 4 
202 93 
421 90 
305 87 
311 87 
414 12 
40 95 
491 32 
124 95 
37 79 
64 44 
2 2 
276 78 
234 81 
431 2 
198 44 
295 4 
144 21 
199 68 
105 71 
409 48 
271 16 
348 84 
336 22 
452 56 
359 53 
64 92 
311 34 
303 96 
294 25 
145 19 
444 29 
265 73 
325 25 
456 17 
442 15 
418 11 
321 84 
110 81 
109 1 
172 32 
11 56 
251 98 
387 48 
242 37 
17 35 
365 24 
306 82 
259 59 
329 26 
250 18 
204 4 
109 62 
416 25 
104 57 
229 5 
298 86 
126 25 
466 49 
375 28 
335 41 
418 77 
449 76 
154 12 
214 98 
250 99 
130 20 
170 69 
296 66 
36 4 
157 77 
276 60 
276 43 
54 66 
290 25 
11 59 
287 27 
18 35 
474 92 
182 60 
53 76 
60 58 
412 88 
388 77 
247 86 
218 19 
384 27 
499 4 
144 31 
480 66 
276 98 
238 34 
94 62 
241 8 
243 31 
200 2 
354 84 
339 59 
482 62 
322 38 
195 68 
311 22 
448 23 
256 47 
368 39 
241 86 
27 83 
251 91 
35 98 
165 3 
205 43 
14 15 
90 18 
407 38 
233 40 
456 89 
301 53 
123 87 
326 91 
58 24 
500 50 
185 42 
409 4 
499 57 
331 16 
419 61 
164 71 
432 2 
383 99 
311 33 
493 67 
47 55 
467 41 
303 64 
179 57 
348 61 
391 21 
152 12 
310 52 
123 88 
390 44 
376 94 
335 21 
360 35 
145 31 
32 16 
143 46 
375 11 
254 91 
471 53 
271 94 
231 46 
155 40 
366 98 
404 39 
222 53 
52 75 
357 1 
70 9 
225 15 
268 52 
216 34 
500 79 
457 17 
346 36 
4 73 
309 76 
336 17 
97 81 
402 34 
212 24 
209 1 
176 56 
221 63 
116 5 
432 72 
294 38 
128 99 
352 28 
320 10 
254 21 
360 76 
447 20 
341 66 
286 9 
383 80 
390 30 
129 66 
214 97 
318 64 
430 69 
188 25 
97 29 
289 45 
45 81 
85 54 
156 89 
9 56 
267 81 
470 59 
475 86 
95 13 
9 14 
363 53 
245 26 
493 14 
385 44 
361 31 
127 10 
468 18 
56 60 
259 90 
475 99 
334 90 
46 37 
333 23 
124 24 
148 65 
348 63 
41 80 
330 33 
197 65 
129 61 
20 15 
27 19 
54 59 
317 56 
282 54 
232 51 
149 40 
260 9 
289 57 
440 69 
121 61 
223 11 
133 3 
496 58 
462 91 
46 60 
179 17 
374 95 
343 66 
315 25 
175 42 
196 70 
444 51 
345 76 
263 20 
471 12 
73 90 
382 5 
284 93 
451 62 
462 11 
481 29 
469 69 
119 2 
216 23 
228 2 
363 8 
190 7 
34 46 
230 40 
207 76 
200 79 
148 60 
475 26 
333 67 
33 87 
343 81 
165 36 
131 65 
455 93 
460 95 
376 13 
328 57 
136 93 
244 28 
121 63 
463 58 
168 7 
203 18 
227 67 
355 22 
340 12 
472 22 
185 23 
105 88 
308 10 
151 64 
329 7 
465 35 
164 10 
63 73 
231 74 
2 40 
40 44 
127 71 
191 75 
49 88 
175 67 
176 46 
241 12 
153 24 
147 86 
84 99 
433 3 
9 25 
113 8 
50 91 
497 14 
430 40 
20 34 
222 33 
164 4 
433 55 
19 98 
249 45 
248 23 
196 22 
443 76 
437 68 
229 12 
153 55 
105 49 
181 85 
254 3 
460 7 
450 92 
30 78 
211 81 
334 56 
373 80 
311 57 
266 37 
254 42 
334 83 
153 8 
218 61 
235 8 
421 40 
491 99 
322 19 
250 35 
20 61 
22 2 
348 85 
323 92 
90 29 
38 52 
59 4 
451 90 
85 19 
302 33 
49 27 
303 53 
210 50 
284 31 
26 54 
374 27 
333 65 
243 55 
159 53 
221 47 
438 34 
327 66 
433 71 
292 72 
118 26 
110 25 
35 91 
336 54 
450 10 
119 59 
151 98 
208 18 
202 67 
224 46 
90 78 
245 43 
117 89 
498 66 
146 23 
30 84 
266 72 
292 1 
153 27 
245 85 
389 57 
386 34 
36 52 
322 13 
364 3 
287 62 
131 50 
255 72 
432 85 
252 33 
402 40 
238 92 
427 50 
58 23 
287 1 
50 60 
257 8 
468 1 
138 15 
19 23 
426 46 
52 7 
302 12 
11 98 
481 47 
148 35 
163 37 
411 78 
327 12 
73 7 
130 46 
446 15 
186 51 
410 32 
119 11 
144 75 
492 11 
3 41 
243 56 
341 18 
18 76 
492 2 
228 35 
46 82 
427 29 
416 76 
263 12 
179 5 
224 48 
256 84 
13 77 
311 6 
74 1 
171 73 
284 22 
482 58 
150 16 
14 76 
151 17 
329 68 
245 58 
323 4 
473 95 
219 87 
442 48 
335 13 
290 82 
236 61 
293 93 
123 82 
22 29 
11 42 
471 94 
194 20 
43 42 
196 9 
231 37 
331 80 
392 70 
14 1 
335 32 
58 28 
302 49 
181 27 
397 70 
52 16 
256 62 
249 63 
55 48 
374 52 
51 24 
266 97 
49 13 
218 73 
113 93 
187 37 
174 18 
125 4 
158 14 
341 47 
486 69 
117 40 
54 77 
85 65 
224 1 
246 17 
136 31 
73 17 
213 8 
276 76 
50 14 
171 62 
262 31 
79 49 
341 19 
7 31 
140 51 
335 52 
252 34 
144 58 
59 32 
448 88 
337 81 
213 76 
236 82 
175 64 
94 93 
223 53 
465 25 
213 2 
281 49 
281 32 
490 75 
180 99 
477 76 
57 14 
176 18 
432 26 
173 12 
153 70 
266 65 
96 69 
243 8 
196 35 
44 33 
413 84 
348 71 
319 22 
237 69 
137 26 
18 72 
431 75 
137 98 
439 89 
399 63 
145 7 
439 20 
465 70 
492 60 
398 84 
424 6 
440 64 
372 28 
439 32 
473 8 
499 44 
361 34 
333 63 
401 8 
330 50 
369 32 
187 70 
362 42 
238 95 
307 84 
376 63 
365 1 
65 61 
77 10 
127 3 
499 52 
71 77 
395 65 
94 38 
307 76 
87 37 
381 31 
343 67 
184 33 
165 54 
93 87 
385 45 
227 48 
263 47 
182 21 
192 81 
187 35 
107 87 
475 36 
81 91 
192 78 
336 37 
156 66 
5 35 
376 49 
329 43 
415 38 
26 12 
6 70 
65 18 
324 34 
417 17 
388 3 
488 15 
134 72 
213 93 
95 61 
321 42 
88 96 
467 31 
74 90 
480 54 
82 77 
92 56 
154 87 
109 22 
302 15 
118 85 
14 34 
138 90 
386 95 
258 95 
445 17 
73 83 
53 88 
463 41 
435 91 
22 4 
500 96 
166 88 
383 88 
61 46 
351 26 
239 12 
21 45 
120 50 
158 74 
21 81 
84 44 
52 28 
302 50 
133 65 
416 26 
409 7 
306 65 
394 86 
400 94 
427 44 
125 39 
155 99 
285 6 
441 92 
436 91 
56 91 
33 52 
318 49 
105 89 
60 54 
75 13 
469 48 
282 79 
155 58 
116 8 
207 27 
86 14 
69 87 
77 19 
296 59 
195 92 
104 34 
225 80 
7 25 
380 31 
293 98 
85 21 
155 98 
231 14 
318 10 
273 47 
358 47 
152 89 
131 41 
395 56 
262 11 
156 83 
490 58 
473 91 
27 21 
62 4 
250 14 
226 86 
385 8 
369 64 
308 35 
295 79 
401 30 
8 82 
372 29 
419 27 
166 28 
422 2 
232 37 
467 8 
112 91 
197 75 
85 88 
70 78 
192 26 
358 11 
219 52 
262 37 
398 11 
87 46 
94 76 
371 57 
475 89 
483 60 
449 38 
178 21 
380 74 
391 61 
48 17 
213 88 
15 93 
132 78 
183 52 
53 37 
497 23 
7 94 
183 36 
207 40 
351 43 
135 16 
147 6 
329 61 
145 98 
94 53 
11 57 
161 23 
17 28 
407 80 
111 8 
314 12 
361 63 
143 43 
98 79 
466 86 
383 27 
367 3 
416 38 
166 97 
436 77 
489 73 
335 55 
211 35 
165 95 
354 27 
341 72 
320 8 
142 33 
82 87 
123 65 
190 23 
266 61 
44 48 
379 16 
258 27 
262 22 
121 51 
310 5 
360 15 
461 79 
237 46 
279 85 
87 76 
341 96 
174 57 
266 14 
413 91 
68 1 
294 55 
171 15 
298 48 
322 10 
152 19 
170 6 
234 82 
414 71 
282 52 
91 39 
80 51 
356 69 
336 29 
289 9 
56 74 
416 20 
197 70 
69 94 
188 53 
142 54 
370 42 
117 74 
96 19 
72 64 
146 82 
441 74 
474 78 
338 10 
198 9 
267 30 
234 53 
94 67 
69 92 
190 43 
464 44 
254 83 
330 61 
177 24 
126 56 
237 99 
143 76 
486 18 
345 21 
284 80 
25 27 
318 32 
189 67 
324 73 
87 42 
117 12 
77 66 
294 19 
213 14 
103 38 
190 72 
248 22 
135 52 
124 5 
149 37 
56 52 
96 6 
125 7 
304 85 
88 71 
344 73 
399 16 
222 76 
24 11 
133 50 
21 10 
446 19 
59 92 
489 92 
260 44 
66 61 
457 43 
29 5 
281 64 
468 77 
88 78 
21 39 
96 20 
27 90 
279 20 
413 89 
40 86 
17 46 
266 5 
271 1 
96 1 
128 93 
240 20 
478 24 
302 18 
264 96 
272 17 
100 45 
225 21 
471 6 
78 90 
147 99 
156 58 
161 12 
316 71 
191 58 
491 30 
132 44 
419 18 
86 11 
441 26 
195 56 
8 17 
2 75 
117 90 
215 73 
401 78 
387 65 
53 32 
257 39 
366 63 
189 88 
18 87 
272 6 
479 66 
77 3 
352 41 
116 64 
440 21 
280 85 
445 98 
390 28 
421 67 
66 3 
124 85 
299 90 
464 83 
253 10 
129 5 
9 77 
94 11 
356 83 
171 10 
463 36 
181 93 
44 52 
371 78 
279 99 
495 18 
388 16 
308 45 
22 63 
25 72 
358 62 
309 90 
241 16 
404 87 
34 48 
320 58 
309 11 
479 11 
354 43 
126 54 
296 95 
355 19 
81 73 
362 46 
386 82 
253 96 
118 80 
223 19 
266 6 
370 92 
177 12 
413 14 
238 17 
373 95 
305 79 
392 48 
40 17 
492 99 
376 11 
183 68 
377 9 
62 99 
89 84 
41 29 
500 15 
445 9 
192 69 
250 89 
261 3 
470 67 
467 13 
469 18 
386 7 
190 96 
171 34 
199 67 
262 68 
176 21 
193 83 
258 46 
317 64 
277 42 
185 8 
10 62 
36 65 
371 81 
96 53 
93 33 
396 77 
207 79 
279 90 
281 62 
37 6 
366 27 
408 48 
210 44 
105 57 
291 74 
368 33 
485 36 
102 99 
486 12 
268 66 
161 89 
394 18 
186 33 
141 94 
193 33 
64 51 
27 73 
4 75 
145 6 
356 22 
498 44 
89 31 
346 55 
114 39 
43 84 
403 32 
227 45 
25 45 
110 70 
153 87 
383 38 
478 59 
100 19 
25 42 
309 87 
470 28 
22 41 
323 61 
461 27 
180 7 
500 48 
388 42 
115 48 
370 26 
154 69 
85 53 
126 27 
415 83 
398 80 
369 59 
144 46 
418 46 
332 31 
91 34 
198 26 
339 12 
225 93 
89 58 
392 92 
64 23 
13 98 
414 6 
135 43 
7 22 
313 45 
265 36 
271 2 
27 24 
84 56 
332 78 
42 96 
421 66 
120 41 
176 7 
321 90 
273 32 
247 62 
442 99 
156 50 
241 25 
22 79 
319 34 
283 18 
160 89 
483 77 
47 12 
450 14 
92 97 
292 79 
89 6 
238 5 
111 33 
260 93 
356 5 
216 95 
179 46 
369 37 
346 51 
439 50 
493 74 
455 15 
374 50 
120 15 
277 2 
374 57 
207 49 
350 98 
24 5 
355 96 
284 6 
169 38 
139 28 
147 94 
199 96 
382 16 
359 77 
451 13 
202 15 
459 13 
39 24 
379 39 
489 21 
500 3 
477 50 
136 45 
251 87 
477 49 
157 5 
437 49 
174 62 
469 8 
363 95 
326 10 
212 37 
295 2 
156 85 
235 89 
339 95 
116 24 
53 9 
362 28 
420 50 
313 30 
170 58 
393 47 
102 39 
330 10 
399 11 
202 57 
476 22 
13 30 
155 30 
387 89 
146 84 
124 8 
219 57 
94 59 
65 7 
193 93 
303 25 
479 3 
488 89 
27 14 
8 67 
118 23 
217 55 
368 55 
295 65 
171 87 
85 1 
292 67 
415 22 
130 16 
2 59 
449 89 
438 81 
410 79 
416 64 
99 54 
461 76 
272 34 
13 15 
295 34 
131 54 
185 54 
132 35 
336 51 
168 93 
140 97 
149 51 
444 13 
247 51 
235 44 
261 46 
216 1 
103 9 
32 94 
363 39 
476 30 
355 38 
341 25 
40 43 
393 3 
254 53 
365 76 
234 99 
361 43 
203 46 
160 82 
442 31 
349 82 
84 82 
154 16 
379 75 
381 99 
417 51 
178 69 
375 4 
215 91 
249 2 
128 72 
445 42 
215 36 
137 9 
125 66 
51 55 
324 97 
13 26 
119 35 
138 42 
106 27 
10 15 
348 19 
499 14 
492 3 
185 30 
136 96 
151 90 
445 86 
359 29 
125 45 
187 5 
384 19 
351 27 
130 37 
100 52 
70 5 
489 1 
137 78 
262 90 
116 3 
312 19 
345 39 
431 46 
10 63 
28 33 
207 58 
187 39 
359 50 
174 49 
122 20 
164 39 
71 27 
463 4 
228 28 
366 86 
218 39 
324 17 
376 38 
147 48 
473 61 
205 14 
396 96 
113 89 
122 86 
126 30 
231 28 
349 83 
283 63 
245 36 
225 61 
90 47 
393 9 
151 27 
40 22 
420 32 
430 98 
183 33 
38 87 
431 18 
6 29 
362 78 
49 19 
274 77 
76 92 
55 8 
433 33 
334 65 
458 52 
364 86 
36 56 
6 46 
293 38 
417 88 
59 85 
407 55 
314 10 
286 6 
122 89 
42 5 
470 14 
223 86 
411 92 
381 47 
102 83 
50 77 
251 14 
130 49 
480 98 
58 50 
195 43 
189 65 
216 85 
164 78 
89 40 
341 69 
470 43 
174 97 
331 11 
477 88 
125 97 
421 44 
111 38 
30 28 
290 49 
193 96 
482 17 
466 99 
38 58 
327 91 
464 98 
400 30 
180 38 
129 87 
12 82 
434 6 
166 34 
150 24 
326 35 
224 50 
286 8 
234 30 
194 3 
250 82 
43 43 
337 36 
420 28 
202 23 
480 27 
88 13 
265 29 
112 76 
380 75 
132 90 
425 34 
182 89 
236 58 
266 62 
185 41 
223 16 
197 68 
134 67 
184 15 
3 68 
50 28 
336 86 
386 2 
420 86 
45 77 
370 69 
27 12 
15 38 
64 47 
441 11 
361 70 
429 45 
472 69 
48 21 
314 64 
413 48 
439 74 
14 31 
262 61 
70 29 
328 34 
303 11 
238 68 
418 12 
168 26 
321 51 
319 7 
87 34 
356 97 
263 89 
408 99 
191 81 
325 61 
307 91 
170 82 
473 9 
128 62 
493 5 
114 18 
376 7 
300 12 
406 64 
3 98 
148 90 
197 31 
431 16 
370 63 
260 74 
243 60 
326 95 
348 94 
161 50 
461 73 
219 13 
154 26 
2 56 
17 83 
297 21 
72 51 
498 28 
14 7 
481 21 
393 57 
257 58 
334 35 
474 93 
269 35 
317 19 
263 2 
131 96 
326 99 
431 36 
105 14 
440 48 
49 33 
342 91 
126 82 
18 26 
455 69 
229 89 
479 55 
195 72 
208 93 
61 3 
147 43 
296 94 
428 53 
403 72 
327 87 
151 19 
342 5 
228 45 
7 41 
369 22 
332 66 
278 77 
109 32 
309 7 
363 32 
15 29 
277 38 
309 32 
244 40 
255 51 
397 75 
468 38 
373 51 
279 66 
29 62 
221 88 
16 21 
10 74 
401 13 
294 48 
102 12 
349 35 
39 70 
77 89 
314 75 
207 46 
207 60 
134 94 
262 84 
98 32 
460 48 
397 55 
377 84 
500 8 
389 56 
422 54 
329 67 
169 22 
280 71 
328 4 
83 43 
328 93 
399 77 
44 82 
175 76 
223 48 
194 25 
350 87 
432 91 
405 47 
71 57 
265 74 
315 79 
86 13 
196 77 
17 34 
91 2 
447 95 
365 57 
414 46 
108 49 
206 4 
331 87 
273 96 
500 76 
33 92 
283 84 
173 30 
298 99 
392 38 
180 16 
443 95 
78 16 
38 66 
489 20 
31 39 
331 59 
99 47 
215 60 
172 7 
27 54 
49 18 
58 21 
74 93 
312 5 
403 37 
371 88 
430 96 
465 93 
268 33 
393 27 
120 46 
335 1 
232 60 
500 58 
430 81 
499 13 
187 3 
269 5 
394 1 
442 39 
302 84 
280 23 
370 34 
119 46 
290 21 
66 81 
254 48 
376 92 
266 36 
59 7 
360 39 
486 63 
77 50 
161 52 
161 17 
474 68 
140 14 
377 64 
492 66 
381 81 
184 7 
153 78 
442 45 
151 48 
365 25 
148 11 
81 39 
390 59 
283 92 
15 27 
248 43 
6 97 
409 88 
413 55 
199 46 
344 50 
454 99 
18 10 
459 77 
81 23 
292 95 
402 67 
366 12 
309 97 
448 95 
406 85 
235 37 
276 28 
184 53 
407 59 
410 20 
82 54 
440 10 
135 63 
295 75 
469 70 
368 86 
254 59 
428 25 
56 75 
491 72 
170 3 
261 94 
426 73 
253 15 
160 60 
393 60 
458 64 
341 26 
121 22 
462 51 
200 86 
158 37 
26 96 
8 46 
151 47 
33 96 
17 18 
235 1 
108 24 
104 71 
335 90 
68 95 
327 73 
78 1 
255 79 
12 87 
86 22 
11 25 
418 73 
378 69 
490 74 
419 95 
236 66 
46 90 
325 91 
246 23 
271 12 
141 98 
209 49 
63 57 
380 5 
92 51 
364 37 
137 30 
75 89 
88 30 
497 39 
232 35 
5 5 
248 90 
109 83 
127 85 
444 72 
81 98 
422 84 
333 14 
36 6 
274 45 
401 95 
292 42 
375 93 
397 3 
198 6 
299 50 
21 98 
88 6 
188 56 
336 70 
478 81 
52 4 
111 70 
34 12 
496 97 
275 44 
234 26 
255 73 
125 47 
199 53 
415 12 
388 65 
355 49 
209 5 
281 77 
445 72 
483 26 
480 95 
161 69 
140 10 
373 58 
311 28 
231 15 
36 84 
144 12 
186 20 
280 91 
38 39 
3 65 
232 95 
39 32 
236 79 
398 27 
495 80 
192 92 
209 81 
346 72 
380 27 
487 41 
124 91 
120 95 
5 25 
466 9 
483 67 
217 62 
51 40 
79 87 
186 78 
360 1 
478 18 
199 11 
305 45 
480 78 
212 90 
204 80 
354 93 
275 75 
394 2 
73 5 
195 85 
414 97 
409 2 
355 63 
290 62 
211 2 
407 77 
417 57 
14 66 
494 49 
81 83 
324 29 
436 51 
3 27 
180 63 
21 95 
481 12 
212 92 
403 8 
338 34 
131 63 
357 3 
136 23 
409 71 
112 52 
352 30 
338 42 
385 20 
328 62 
59 40 
27 81 
135 9 
283 26 
384 9 
308 21 
56 62 
311 84 
383 93 
212 5 
98 22 
112 93 
471 16 
130 29 
95 65 
337 26 
118 57 
70 13 
229 63 
381 80 
143 74 
247 67 
489 61 
288 85 
235 33 
11 94 
365 66 
232 45 
471 69 
266 23 
25 83 
100 11 
22 36 
454 8 
390 78 
304 32 
305 31 
446 27 
82 19 
115 35 
495 98 
300 34 
287 24 
337 3 
386 71 
69 27 
321 10 
465 31 
230 44 
432 8 
264 21 
205 91 
205 12 
72 46 
165 26 
225 8 
56 18 
51 76 
375 44 
67 50 
218 77 
452 54 
454 9 
152 46 
449 3 
448 31 
379 10 
387 80 
383 73 
87 35 
143 11 
226 83 
167 83 
241 66 
161 8 
387 55 
275 90 
96 43 
223 88 
268 16 
248 98 
314 9 
136 19 
58 45 
427 3 
93 71 
475 21 
315 85 
134 28 
236 94 
324 53 
98 55 
205 36 
217 38 
241 27 
457 93 
110 77 
299 94 
475 76 
324 70 
375 52 
73 31 
459 9 
263 26 
408 29 
63 81 
434 88 
11 53 
118 58 
325 34 
302 29 
49 70 
233 53 
278 1 
98 93 
251 10 
265 23 
301 2 
365 10 
116 40 
193 60 
382 84 
129 50 
332 75 
171 94 
372 12 
71 59 
361 82 
242 58 
98 33 
139 38 
38 14 
180 57 
427 11 
306 94 
22 11 
336 66 
86 55 
312 25 
419 84 
160 3 
404 3 
377 94 
407 58 
414 39 
179 12 
447 10 
373 36 
13 1 
142 38 
343 30 
64 14 
117 27 
224 73 
142 37 
27 18 
85 15 
266 85 
264 39 
4 23 
432 54 
368 41 
196 56 
173 93 
259 84 
419 66 
385 26 
162 80 
251 72 
184 96 
10 11 
291 16 
413 69 
2 36 
191 22 
420 66 
52 11 
444 77 
258 14 
308 19 
401 38 
15 88 
438 78 
231 33 
212 79 
28 29 
110 35 
98 69 
7 65 
372 80 
407 94 
432 58 
344 21 
167 70 
360 44 
428 95 
90 98 
258 61 
439 7 
80 35 
354 32 
17 33 
253 48 
382 41 
127 83 
86 2 
295 44 
169 5 
41 31 
289 91 
163 35 
412 63 
289 83 
128 50 
189 9 
485 49 
13 69 
48 38 
173 33 
86 40 
37 32 
301 98 
424 16 
361 88 
412 78 
72 22 
306 37 
73 63 
56 45 
131 43 
327 6 
176 74 
217 33 
74 75 
183 56 
338 46 
338 92 
195 25 
3 15 
323 29 
428 58 
177 73 
244 99 
235 15 
350 67 
358 87 
359 96 
345 40 
59 91 
16 34 
96 23 
316 48 
110 62 
223 13 
316 49 
1 36 
334 14 
355 35 
30 87 
251 95 
268 5 
57 35 
270 54 
95 58 
330 4 
60 26 
441 38 
396 36 
490 29 
22 67 
342 18 
211 51 
183 77 
171 11 
473 41 
496 41 
468 45 
184 39 
50 31 
77 56 
340 60 
252 60 
123 64 
36 71 
252 47 
32 44 
256 56 
29 20 
126 22 
117 77 
495 9 
44 54 
156 71 
23 28 
376 55 
496 60 
418 8 
80 10 
303 26 
416 74 
182 34 
401 10 
368 10 
15 54 
251 6 
365 9 
460 36 
310 14 
315 75 
124 89 
1 5 
393 71 
233 88 
492 52 
150 8 
19 3 
310 80 
119 67 
329 51 
93 17 
146 75 
3 70 
40 92 
227 87 
328 13 
138 99 
236 72 
236 34 
243 22 
62 32 
358 29 
136 78 
148 53 
417 70 
436 89 
331 37 
414 93 
491 56 
139 15 
19 92 
343 12 
129 24 
291 50 
190 83 
455 90 
479 15 
365 42 
142 75 
222 41 
273 95 
9 99 
28 28 
17 53 
42 68 
394 7 
311 51 
407 47 
397 1 
327 25 
241 91 
93 38 
257 67 
431 53 
175 79 
251 31 
133 6 
386 44 
151 2 
86 42 
351 12 
103 50 
267 31 
459 95 
473 27 
309 28 
52 33 
303 99 
465 29 
266 16 
349 73 
374 78 
236 88 
382 46 
40 36 
24 20 
280 94 
4 53 
218 41 
76 65 
66 43 
139 49 
486 32 
113 56 
109 46 
400 92 
188 34 
264 59 
482 63 
271 67 
70 65 
77 92 
396 33 
498 75 
28 94 
378 41 
375 21 
443 36 
252 19 
400 58 
101 74 
304 1 
152 64 
171 68 
46 59 
313 82 
23 47 
490 30 
217 31 
259 76 
146 3 
117 35 
241 96 
184 63 
228 81 
212 38 
500 87 
145 16 
17 47 
180 4 
200 40 
265 8 
40 98 
401 84 
396 35 
408 97 
328 42 
274 73 
88 34 
461 20 
286 15 
442 54 
396 49 
242 8 
131 97 
73 27 
476 71 
206 16 
449 99 
469 55 
294 18 
41 6 
479 1 
354 42 
337 56 
446 87 
11 45 
245 88 
357 32 
20 22 
265 93 
118 86 
482 93 
62 97 
296 18 
94 35 
283 21 
311 59 
424 92 
290 36 
48 40 
30 10 
249 40 
419 80 
191 15 
160 41 
4 87 
442 66 
6 7 
257 95 
264 65 
155 91 
331 26 
239 26 
493 96 
136 85 
106 17 
369 82 
169 7 
337 82 
206 73 
446 28 
9 23 
240 36 
479 71 
90 44 
236 17 
340 50 
434 22 
176 83 
485 48 
385 89 
114 47 
295 11 
13 6 
69 5 
439 36 
49 63 
366 48 
452 84 
162 23 
477 90 
46 46 
314 28 
200 25 
8 34 
263 99 
441 43 
302 86 
372 27 
397 10 
273 55 
356 15 
307 33 
392 78 
473 62 
500 80 
349 63 
170 20 
210 3 
496 48 
51 32 
333 26 
199 93 
94 57 
94 21 
30 62 
204 56 
356 6 
428 47 
409 6 
189 12 
56 21 
221 85 
286 16 
377 51 
16 12 
232 46 
201 79 
200 7 
56 40 
473 88 
151 3 
48 41 
56 78 
103 7 
411 33 
236 22 
300 55 
112 11 
114 64 
132 53 
363 87 
406 76 
71 20 
48 82 
280 80 
20 79 
70 46 
402 16 
486 78 
206 7 
289 21 
235 23 
500 12 
158 27 
68 33 
212 78 
181 50 
382 48 
139 33 
2 70 
52 37 
360 8 
280 92 
340 87 
201 27 
3 35 
367 6 
461 63 
273 74 
304 88 
416 3 
457 22 
399 4 
250 72 
61 28 
202 63 
58 85 
90 97 
22 84 
487 94 
475 68 
472 58 
65 94 
205 94 
189 41 
116 22 
246 78 
283 10 
443 97 
46 79 
166 9 
50 37 
117 71 
191 17 
66 76 
242 62 
499 33 
295 29 
63 79 
397 26 
399 85 
25 71 
244 33 
199 61 
107 7 
284 16 
139 94 
439 67 
328 85 
227 84 
442 26 
494 83 
151 74 
16 81 
366 85 
358 15 
382 37 
442 91 
499 70 
218 64 
26 39 
264 95 
105 66 
4 46 
341 20 
482 81 
220 2 
365 19 
410 67 
323 45 
91 95 
7 67 
357 67 
7 7 
446 79 
234 67 
137 11 
62 37 
392 67 
60 68 
451 33 
448 20 
187 82 
227 95 
22 25 
121 78 
436 97 
208 33 
191 24 
62 2 
175 65 
417 30 
69 51 
231 61 
221 49 
324 13 
17 69 
457 66 
222 55 
452 79 
98 75 
24 37 
490 12 
164 53 
433 67 
397 95 
366 65 
163 59 
174 94 
8 36 
288 43 
376 27 
26 31 
139 6 
394 41 
39 72 
35 9 
91 94 
97 60 
217 14 
333 91 
129 60 
228 40 
230 69 
214 61 
351 47 
240 67 
296 92 
270 70 
104 37 
7 33 
90 40 
13 7 
419 76 
293 79 
350 36 
57 73 
133 16 
107 85 
454 40 
317 73 
165 84 
255 25 
122 48 
287 55 
447 70 
439 52 
480 71 
332 76 
252 13 
47 8 
364 21 
203 32 
335 7 
16 1 
20 99 
214 76 
23 69 
112 44 
217 67 
311 98 
207 7 
413 5 
351 64 
480 25 
266 96 
175 40 
299 79 
49 40 
270 26 
198 36 
412 13 
345 36 
254 62 
463 24 
143 1 
496 54 
125 64 
92 90 
388 74 
64 52 
281 11 
200 83 
76 49 
351 61 
415 98 
210 80 
230 56 
36 58 
443 2 
462 53 
457 86 
185 78 
482 13 
320 2 
420 88 
87 56 
421 82 
99 89 
446 83 
2 26 
498 10 
391 71 
463 15 
30 57 
81 25 
322 49 
323 83 
59 31 
400 4 
222 26 
389 30 
10 65 
58 74 
72 76 
182 63 
286 65 
451 50 
1 80 
329 18 
187 59 
253 99 
95 29 
134 62 
497 2 
282 66 
438 4 
405 43 
425 47 
78 74 
380 61 
284 23 
114 67 
417 60 
244 95 
250 47 
105 9 
184 3 
158 3 
121 8 
159 95 
145 99 
178 18 
165 86 
372 1 
26 84 
115 50 
206 44 
363 67 
269 87 
349 91 
398 26 
356 2 
74 7 
348 75 
84 48 
428 70 
350 54 
451 32 
256 34 
258 31 
389 62 
160 8 
302 85 
108 21 
42 44 
397 19 
468 91 
406 48 
305 59 
393 77 
310 26 
51 71 
333 57 
246 74 
317 67 
3 66 
8 15 
378 79 
116 80 
186 23 
91 54 
319 38 
474 35 
500 51 
287 46 
458 61 
381 34 
23 84 
81 24 
229 19 
95 83 
157 79 
329 82 
269 88 
190 48 
466 77 
443 78 
269 25 
227 74 
365 67 
249 82 
486 56 
218 95 
175 48 
385 52 
142 21 
156 13 
370 57 
148 93 
384 23 
376 35 
439 80 
112 84 
225 67 
432 60 
326 56 
126 67 
384 67 
1 4 
128 31 
226 52 
241 73 
400 32 
289 25 
133 69 
65 54 
142 80 
312 56 
51 61 
251 43 
496 69 
495 95 
81 26 
93 49 
288 67 
237 98 
301 57 
155 31 
217 2 
416 90 
351 52 
478 82 
225 83 
254 31 
263 24 
87 27 
208 59 
185 87 
370 65 
220 89 
70 84 
126 93 
411 79 
34 53 
17 4 
89 46 
362 85 
112 5 
417 66 
123 36 
172 72 
59 98 
295 12 
125 54 
369 76 
304 55 
375 23 
199 31 
380 34 
255 99 
343 24 
42 52 
455 33 
52 27 
111 93 
152 11 
136 47 
219 83 
149 61 
416 13 
94 3 
417 41 
215 41 
414 59 
173 47 
25 44 
160 16 
352 11 
38 12 
45 24 
13 89 
239 17 
181 81 
347 48 
16 75 
203 91 
54 23 
284 42 
123 16 
153 44 
213 30 
310 58 
465 26 
356 26 
380 73 
414 31 
492 83 
14 82 
474 69 
228 75 
488 16 
192 93 
126 13 
287 15 
174 5 
103 87 
226 58 
421 78 
433 65 
144 73 
477 59 
396 91 
205 8 
54 86 
370 70 
464 96 
188 82 
273 51 
487 64 
102 26 
180 13 
283 42 
254 75 
477 60 
430 61 
495 16 
378 46 
486 92 
234 62 
59 64 
295 58 
424 19 
423 76 
213 20 
443 87 
259 63 
488 67 
27 97 
128 97 
50 57 
307 50 
233 51 
203 69 
382 49 
286 38 
63 54 
3 52 
46 8 
229 3 
474 24 
497 74 
155 61 
81 77 
9 4 
29 75 
296 58 
120 6 
348 24 
66 39 
137 12 
330 85 
176 43 
170 33 
371 9 
150 56 
4 28 
48 28 
267 63 
410 47 
308 80 
153 4 
224 60 
409 42 
47 74 
66 17 
213 75 
18 18 
232 15 
135 97 
488 69 
222 45 
234 19 
280 21 
26 50 
97 26 
213 77 
472 7 
298 75 
446 99 
325 94 
379 51 
353 45 
243 3 
339 16 
7 56 
296 41 
141 41 
372 79 
203 6 
251 93 
470 8 
255 15 
416 89 
366 91 
175 31 
414 9 
231 91 
402 50 
1 93 
90 3 
392 32 
113 72 
400 47 
59 5 
248 77 
84 32 
445 68 
335 16 
235 11 
8 22 
483 1 
82 26 
193 80 
301 5 
328 82 
305 27 
280 40 
447 1 
269 14 
148 8 
73 22 
331 21 
329 99 
393 66 
261 59 
327 92 
353 66 
208 63 
301 9 
70 57 
217 79 
223 80 
362 14 
491 23 
74 64 
401 91 
250 42 
304 53 
108 31 
75 34 
62 25 
158 28 
458 9 
476 31 
333 28 
46 52 
365 80 
40 78 
227 22 
387 40 
422 21 
42 82 
257 33 
110 46 
80 92 
84 33 
133 31 
322 33 
411 76 
393 41 
198 41 
325 36 
267 65 
339 81 
18 60 
162 70 
286 51 
23 32 
24 58 
154 31 
118 21 
156 73 
85 62 
93 99 
134 70 
351 68 
203 36 
193 69 
246 69 
21 90 
357 76 
54 67 
298 66 
161 1 
294 45 
149 18 
69 48 
441 39 
309 38 
253 13 
91 88 
9 76 
352 33 
428 39 
151 16 
12 4 
45 66 
488 59 
462 21 
406 5 
108 25 
23 18 
313 74 
473 31 
64 98 
456 69 
394 14 
493 31 
5 7 
369 53 
226 39 
186 31 
335 65 
363 41 
186 4 
153 69 
214 89 
391 95 
57 55 
217 18 
258 58 
73 76 
29 74 
425 25 
115 14 
442 6 
262 54 
108 16 
345 77 
415 34 
446 80 
78 69 
477 70 
259 30 
154 41 
97 99 
443 30 
412 98 
372 13 
338 86 
120 38 
474 28 
63 92 
240 64 
76 98 
136 35 
313 72 
375 36 
91 92 
84 35 
169 31 
297 63 
277 24 
443 99 
384 10 
12 90 
8 52 
219 53 
466 32 
313 28 
437 8 
64 77 
197 10 
416 71 
279 3 
413 70 
315 3 
224 35 
223 78 
380 45 
3 9 
392 21 
140 76 
457 59 
44 19 
404 98 
424 8 
392 97 
280 34 
391 82 
424 74 
420 75 
141 39 
158 26 
78 49 
488 2 
8 60 
413 75 
342 56 
77 65 
110 17 
356 12 
140 79 
248 78 
159 63 
13 22 
148 82 
265 34 
274 72 
23 58 
115 5 
37 49 
275 58 
422 32 
254 32 
185 70 
355 44 
66 89 
364 11 
112 53 
488 54 
142 86 
148 84 
307 35 
267 19 
480 15 
269 69 
81 22 
358 21 
109 68 
432 35 
470 61 
95 88 
351 20 
428 54 
162 37 
472 28 
448 50 
122 80 
173 9 
99 73 
25 60 
428 26 
279 54 
473 67 
364 78 
481 37 
239 66 
270 74 
108 95 
302 26 
485 64 
37 41 
363 2 
416 2 
466 79 
445 96 
398 76 
331 10 
396 2 
45 19 
239 52 
2 72 
479 4 
183 46 
41 79 
33 72 
174 93 
360 23 
163 67 
142 5 
73 39 
39 22 
213 13 
317 58 
40 50 
242 77 
430 78 
468 85 
306 88 
164 3 
256 8 
223 84 
219 60 
166 38 
327 19 
172 40 
474 45 
271 80 
107 86 
31 43 
236 76 
339 60 
377 87 
117 26 
76 33 
302 75 
477 96 
224 66 
481 57 
237 19 
116 98 
71 74 
446 49 
307 26 
32 19 
299 1 
443 49 
241 63 
54 89 
156 23 
124 19 
140 8 
260 33 
407 76 
84 34 
67 31 
346 29 
276 51 
386 23 
124 52 
354 39 
183 1 
62 92 
30 55 
454 77 
278 47 
91 50 
285 35 
408 1 
124 83 
432 74 
229 44 
460 70 
332 67 
9 78 
79 50 
151 97 
207 14 
435 41 
98 81 
65 83 
227 91 
157 8 
441 41 
299 47 
420 71 
495 92 
270 34 
76 77 
373 50 
185 39 
268 82 
158 25 
9 50 
192 45 
255 13 
163 60 
200 23 
53 4 
1 79 
416 29 
220 97 
51 96 
33 75 
325 58 
63 87 
492 53 
495 46 
76 28 
55 65 
144 37 
378 39 
317 36 
482 66 
39 38 
472 43 
324 62 
204 49 
96 58 
181 95 
59 6 
37 67 
466 2 
41 75 
99 60 
488 10 
408 58 
467 16 
142 28 
273 72 
436 28 
259 29 
175 46 
294 60 
294 11 
381 37 
221 98 
195 58 
454 90 
134 34 
358 18 
461 65 
484 56 
460 74 
441 44 
238 43 
202 3 
172 26 
88 83 
497 55 
362 99 
116 82 
31 2 
113 68 
333 25 
399 33 
145 13 
374 70 
467 22 
208 88 
22 85 
446 46 
280 20 
431 28 
247 61 
465 80 
491 59 
141 79 
197 25 
205 4 
181 55 
422 60 
430 86 
44 3 
204 42 
384 55 
445 12 
364 92 
379 88 
7 43 
171 92 
26 15 
269 99 
318 23 
396 68 
417 69 
290 2 
386 56 
391 64 
291 32 
358 25 
107 21 
142 44 
24 72 
218 87 
421 46 
190 32 
157 16 
52 19 
36 17 
92 69 
61 33 
279 38 
9 65 
230 66 
294 7 
468 65 
196 31 
332 63 
434 55 
80 68 
326 70 
331 55 
19 11 
119 4 
348 62 
292 66 
478 25 
87 25 
41 71 
251 64 
448 80 
311 58 
143 22 
443 1 
275 42 
410 30 
266 20 
51 87 
436 82 
339 77 
271 79 
449 19 
270 93 
325 12 
340 38 
379 70 
261 30 
370 14 
80 46 
60 65 
189 93 
269 71 
187 98 
245 84 
274 3 
449 30 
51 3 
427 8 
315 95 
15 18 
76 30 
15 23 
454 47 
466 19 
90 90 
225 11 
409 89 
331 39 
294 94 
439 44 
177 17 
348 97 
94 72 
43 44 
374 25 
361 29 
168 69 
473 49 
190 85 
332 87 
483 55 
383 19 
442 82 
397 54 
232 16 
142 77 
169 37 
402 5 
75 14 
486 97 
18 32 
45 2 
4 97 
328 48 
481 19 
498 30 
65 37 
72 44 
374 64 
117 97 
304 97 
340 90 
15 45 
246 89 
354 59 
20 5 
23 60 
351 18 
437 36 
204 32 
347 46 
461 2 
345 15 
349 17 
361 83 
225 6 
494 80 
243 85 
237 68 
392 88 
361 44 
443 96 
426 19 
32 66 
75 17 
400 7 
198 15 
106 2 
199 36 
114 55 
196 67 
356 66 
89 74 
423 84 
100 99 
195 88 
176 14 
203 23 
416 79 
341 49 
404 73 
454 48 
439 8 
240 62 
159 92 
169 69 
170 70 
463 37 
499 15 
110 23 
70 79 
18 46 
410 7 
376 44 
39 6 
170 21 
31 50 
84 25 
367 33 
148 88 
85 43 
97 18 
474 75 
357 26 
463 32 
11 29 
179 25 
235 75 
147 87 
155 26 
443 38 
178 66 
278 71 
332 70 
239 81 
264 98 
368 29 
167 74 
4 1 
283 64 
206 63 
158 4 
333 15 
284 88 
156 87 
239 36 
65 9 
246 43 
111 87 
477 53 
235 74 
401 23 
393 30 
168 63 
481 36 
362 24 
325 38 
455 75 
411 35 
487 72 
78 87 
303 8 
441 19 
482 2 
75 99 
294 15 
286 46 
337 13 
264 34 
241 55 
369 81 
235 36 
203 33 
81 18 
131 58 
145 78 
494 36 
18 44 
152 40 
322 23 
8 49 
210 84 
121 84 
176 22 
271 60 
247 38 
138 9 
297 24 
449 69 
99 2 
402 33 
234 89 
410 21 
438 80 
89 91 
344 41 
449 61 
96 38 
250 13 
140 22 
174 40 
150 84 
378 30 
420 52 
305 91 
205 65 
325 18 
386 65 
478 19 
262 52 
322 25 
269 29 
413 46 
250 23 
102 16 
189 29 
386 72 
72 30 
181 21 
39 26 
184 83 
241 72 
366 69 
47 66 
448 5 
98 98 
437 82 
2 65 
430 42 
209 66 
52 91 
152 90 
24 73 
287 69 
464 20 
56 14 
163 87 
19 73 
381 12 
209 71 
34 64 
228 38 
472 96 
300 56 
308 81 
135 26 
49 34 
294 77 
299 5 
185 31 
109 74 
332 4 
269 74 
38 97 
309 86 
366 74 
292 50 
334 50 
466 74 
338 25 
30 66 
212 98 
106 53 
179 33 
97 33 
484 65 
447 40 
482 45 
424 41 
459 55 
106 77 
276 70 
367 54 
307 39 
436 48 
329 78 
55 32 
422 67 
213 42 
82 32 
106 14 
48 1 
7 44 
279 42 
102 85 
334 17 
355 80 
267 97 
34 13 
430 85 
309 5 
286 52 
138 69 
2 13 
21 36 
483 53 
396 95 
391 94 
126 63 
39 20 
36 77 
256 70 
202 33 
311 3 
292 3 
470 78 
363 54 
180 76 
54 14 
77 97 
398 5 
56 41 
22 30 
52 42 
321 66 
363 31 
113 83 
248 62 
441 32 
311 11 
227 19 
488 84 
444 60 
298 5 
124 6 
389 87 
78 67 
478 89 
407 37 
361 18 
287 14 
345 41 
63 4 
231 1 
331 20 
26 83 
165 24 
314 47 
300 30 
433 66 
78 99 
328 59 
391 32 
217 3 
271 13 
112 95 
180 70 
164 21 
178 30 
150 30 
490 69 
196 61 
366 24 
314 70 
287 77 
471 36 
74 20 
243 29 
331 24 
378 57 
417 25 
218 56 
468 48 
161 47 
442 49 
352 40 
325 33 
27 15 
64 69 
333 86 
65 17 
177 37 
105 16 
74 94 
155 45 
242 57 
78 64 
399 43 
291 4 
46 42 
161 14 
433 84 
222 43 
85 46 
500 47 
59 90 
298 88 
243 81 
8 44 
210 45 
461 81 
473 89 
387 28 
358 64 
101 61 
212 27 
329 74 
281 75 
65 67 
153 98 
330 45 
6 88 
26 44 
164 11 
295 63 
273 6 
425 93 
355 95 
247 65 
27 63 
198 47 
433 27 
344 57 
407 75 
134 27 
12 22 
480 84 
380 29 
434 91 
11 62 
194 42 
487 80 
357 37 
40 94 
158 33 
432 63 
310 42 
303 84 
74 63 
8 92 
376 14 
110 59 
129 63 
21 11 
378 22 
60 97 
449 63 
393 56 
1 34 
205 27 
374 97 
354 71 
310 9 
336 18 
25 43 
66 45 
452 99 
44 44 
82 72 
485 45 
460 34 
290 74 
471 24 
289 94 
334 36 
169 17 
76 70 
493 8 
213 24 
276 10 
133 70 
205 6 
300 24 
89 4 
343 42 
205 79 
243 75 
273 25 
289 16 
331 33 
2 98 
46 21 
192 24 
477 44 
426 92 
263 76 
314 27 
491 57 
322 17 
313 46 
308 92 
475 33 
204 40 
371 83 
351 82 
181 78 
33 98 
380 10 
266 91 
122 90 
401 83 
274 43 
104 96 
70 61 
431 82 
414 45 
82 12 
371 16 
374 58 
99 24 
316 68 
181 23 
42 31 
57 13 
36 40 
103 25 
326 81 
197 85 
90 32 
255 16 
391 1 
285 56 
89 30 
375 10 
210 83 
416 86 
25 52 
460 13 
298 50 
261 39 
104 52 
434 42 
162 42 
428 33 
443 3 
130 92 
243 74 
117 84 
240 18 
297 30 
301 7 
400 37 
172 6 
168 52 
475 37 
415 10 
14 90 
428 42 
296 55 
164 12 
233 60 
83 36 
67 92 
203 21 
420 78 
118 62 
301 44 
465 16 
187 76 
96 66 
328 73 
409 44 
166 79 
368 60 
248 12 
484 93 
300 6 
321 26 
352 12 
161 60 
132 18 
264 51 
113 98 
487 15 
44 10 
360 9 
300 19 
386 1 
238 57 
41 30 
209 14 
162 59 
363 7 
464 70 
158 52 
271 58 
4 9 
291 47 
295 82 
495 31 
205 66 
111 75 
306 9 
294 81 
336 12 
247 75 
96 73 
223 57 
197 94 
25 22 
74 37 
111 55 
189 84 
78 29 
382 89 
36 30 
142 35 
484 8 
252 86 
458 3 
366 4 
137 23 
92 41 
170 78 
235 59 
308 48 
152 50 
144 87 
440 13 
76 61 
435 40 
310 66 
378 24 
270 33 
29 88 
111 80 
486 30 
372 59 
304 64 
132 54 
198 63 
321 19 
112 56 
31 52 
483 93 
395 73 
456 33 
19 79 
205 47 
112 1 
182 98 
299 38 
96 63 
308 30 
306 41 
164 41 
42 90 
202 66 
234 34 
415 45 
484 61 
317 57 
114 30 
215 32 
225 81 
293 55 
153 15 
96 95 
29 52 
2 39 
485 1 
164 90 
184 99 
289 95 
167 64 
393 96 
41 61 
98 63 
391 43 
428 51 
51 98 
372 56 
41 62 
112 61 
242 26 
256 17 
208 86 
363 56 
409 95 
360 46 
49 23 
472 63 
127 17 
61 56 
355 54 
174 13 
63 68 
410 85 
244 81 
259 60 
231 27 
156 3 
490 24 
171 3 
428 72 
289 40 
68 64 
134 82 
3 14 
250 24 
33 46 
12 83 
257 87 
426 53 
75 32 
420 7 
222 54 
387 49 
123 96 
50 85 
85 5 
219 5 
153 35 
10 16 
164 7 
276 11 
273 1 
29 86 
278 61 
399 55 
344 66 
367 17 
16 6 
37 22 
495 21 
399 3 
185 97 
452 14 
409 59 
351 1 
372 68 
50 59 
357 39 
133 97 
98 67 
10 50 
307 34 
134 88 
70 18 
329 5 
40 37 
92 92 
361 68 
188 92 
173 49 
423 52 
446 18 
199 16 
397 13 
233 31 
49 26 
58 54 
402 32 
468 96 
407 95 
252 70 
313 88 
335 19 
104 14 
317 91 
38 4 
338 2 
162 19 
444 32 
322 28 
283 96 
84 76 
418 49 
145 26 
431 1 
99 45 
85 44 
45 23 
126 38 
231 83 
387 21 
385 76 
381 94 
414 15 
69 21 
145 87 
356 36 
455 98 
462 13 
284 85 
199 70 
247 21 
238 44 
210 6 
262 99 
58 73 
481 28 
65 41 
269 65 
453 38 
424 31 
405 77 
67 99 
286 30 
237 70 
409 54 
255 80 
473 16 
127 34 
337 89 
421 76 
195 44 
229 1 
359 92 
336 30 
286 5 
259 17 
99 44 
36 73 
115 55 
210 67 
95 62 
208 3 
354 9 
45 84 
76 88 
393 98 
331 69 
426 97 
392 53 
297 72 
129 4 
417 62 
459 3 
387 61 
161 76 
77 96 
92 82 
295 46 
326 3 
178 39 
100 26 
285 67 
215 85 
212 31 
275 5 
132 40 
134 49 
72 10 
292 96 
108 93 
258 43 
277 84 
358 72 
43 66 
159 22 
418 39 
42 21 
173 13 
486 81 
76 37 
221 53 
354 72 
73 78 
448 72 
462 50 
369 45 
120 28 
143 67 
197 44 
320 70 
70 15 
408 41 
323 44 
214 80 
420 21 
439 57 
225 88 
374 49 
388 23 
124 63 
325 17 
479 87 
138 95 
261 21 
383 42 
8 65 
144 18 
11 85 
429 49 
306 55 
297 59 
395 64 
94 79 
21 15 
343 68 
279 43 
12 19 
118 53 
389 42 
172 95 
241 49 
81 6 
185 32 
341 22 
18 48 
292 54 
324 51 
29 82 
388 30 
111 58 
493 7 
395 89 
222 3 
250 16 
444 52 
58 69 
128 36 
80 69 
396 87 
435 85 
177 31 
198 66 
488 74 
7 11 
85 68 
63 47 
499 28 
70 67 
55 96 
437 13 
336 32 
97 53 
243 33 
464 95 
406 72 
325 30 
106 85 
252 25 
233 24 
300 69 
307 59 
436 52 
4 63 
145 84 
211 93 
265 50 
214 75 
215 68 
26 99 
387 30 
28 23 
68 69 
273 57 
137 69 
313 78 
305 47 
386 80 
397 65 
332 37 
4 67 
68 8 
88 47 
338 44 
183 45 
480 20 
257 13 
450 84 
258 34 
297 13 
405 72 
233 66 
421 7 
75 94 
260 47 
339 74 
188 67 
486 98 
476 74 
321 5 
342 88 
405 97 
282 88 
61 50 
208 30 
484 43 
295 25 
446 68 
360 28 
431 95 
84 77 
93 77 
265 30 
26 30 
90 96 
488 3 
141 52 
70 95 
33 25 
61 16 
451 4 
136 43 
61 99 
467 55 
214 6 
113 70 
10 48 
97 75 
51 18 
441 80 
256 42 
116 48 
128 76 
32 92 
34 60 
65 56 
487 7 
405 94 
334 42 
73 15 
346 31 
319 72 
342 92 
172 20 
322 80 
474 81 
402 55 
63 67 
474 38 
374 43 
247 31 
423 65 
466 71 
336 77 
160 34 
412 29 
220 69 
257 71 
202 26 
144 83 
313 85 
428 19 
43 91 
24 17 
228 91 
330 79 
447 56 
484 74 
220 49 
469 62 
138 28 
293 36 
487 43 
301 54 
340 68 
321 64 
407 3 
370 35 
438 54 
317 50 
242 41 
313 48 
111 54 
418 81 
7 71 
87 47 
423 95 
417 68 
29 81 
264 99 
465 96 
218 51 
58 1 
467 3 
427 37 
373 30 
41 60 
418 43 
206 98 
132 7 
183 78 
35 11 
167 85 
15 70 
25 14 
451 2 
183 60 
411 21 
475 62 
454 7 
324 6 
194 36 
340 46 
204 5 
453 13 
121 30 
430 17 
446 30 
412 36 
353 56 
387 81 
72 94 
398 34 
422 37 
34 37 
149 8 
333 17 
415 48 
68 46 
183 54 
19 80 
417 37 
328 77 
446 78 
7 97 
55 25 
211 15 
428 12 
263 3 
267 6 
463 81 
302 65 
289 7 
444 70 
475 88 
372 88 
95 73 
181 52 
88 37 
269 17 
380 30 
193 72 
463 1 
412 4 
351 3 
143 86 
54 30 
58 71 
104 11 
270 68 
15 68 
169 75 
356 93 
498 70 
492 80 
45 37 
267 27 
364 68 
216 21 
286 71 
109 24 
150 42 
242 1 
268 51 
272 38 
140 33 
205 17 
161 2 
171 7 
495 40 
210 7 
90 53 
94 40 
293 1 
318 17 
415 7 
176 92 
344 26 
274 39 
15 96 
448 81 
220 86 
51 97 
330 18 
472 60 
151 51 
76 44 
91 31 
247 27 
281 81 
391 92 
450 55 
177 98 
151 40 
288 59 
390 69 
229 59 
461 43 
377 73 
137 63 
339 53 
207 11 
404 24 
82 27 
123 11 
161 83 
133 76 
43 79 
340 24 
59 69 
211 79 
456 3 
275 63 
84 41 
200 41 
472 54 
362 43 
94 96 
226 37 
381 57 
472 40 
88 29 
321 13 
201 51 
303 44 
340 41 
446 6 
372 24 
262 26 
260 36 
437 97 
311 39 
474 79 
28 72 
431 81 
396 6 
89 59 
47 23 
497 47 
271 36 
230 27 
10 19 
48 76 
55 9 
230 10 
155 23 
416 92 
473 57 
477 54 
266 82 
163 6 
101 20 
393 35 
247 69 
291 2 
358 84 
486 38 
397 6 
223 30 
13 20 
384 40 
125 59 
145 5 
306 26 
246 81 
1 15 
5 76 
84 75 
46 96 
59 57 
186 13 
236 19 
248 2 
387 5 
84 53 
146 69 
4 68 
369 91 
291 60 
423 2 
136 2 
34 92 
413 98 
409 35 
95 3 
428 8 
50 50 
392 44 
95 99 
216 37 
195 34 
209 19 
76 18 
283 71 
423 6 
315 2 
3 6 
345 94 
363 52 
166 11 
348 4 
315 65 
343 32 
483 25 
106 42 
375 92 
210 78 
496 36 
308 85 
187 55 
91 97 
398 93 
82 31 
363 71 
308 56 
458 6 
302 23 
228 56 
246 57 
307 95 
112 46 
465 54 
137 58 
309 34 
487 61 
307 74 
25 41 
478 42 
23 79 
485 15 
75 97 
281 17 
365 58 
339 22 
186 95 
354 34 
266 33 
159 21 
434 8 
484 76 
233 85 
449 85 
395 97 
359 70 
183 3 
68 47 
212 6 
241 38 
40 81 
387 1 
375 77 
40 25 
73 19 
153 29 
262 8 
211 26 
346 78 
37 9 
336 55 
126 20 
4 35 
270 43 
169 35 
114 48 
112 30 
414 50 
236 26 
9 49 
259 97 
249 43 
184 67 
253 5 
101 79 
395 13 
139 89 
385 42 
113 4 
371 86 
82 60 
201 24 
400 13 
396 60 
147 2 
171 63 
187 87 
440 38 
222 9 
5 89 
68 51 
272 55 
45 57 
486 68 
442 68 
49 85 
455 50 
360 29 
75 43 
281 37 
326 92 
105 29 
250 3 
193 53 
378 10 
202 55 
373 96 
392 52 
251 27 
209 20 
465 69 
186 76 
433 97 
486 8 
122 29 
437 23 
99 88 
469 56 
169 51 
241 69 
356 78 
335 54 
344 52 
359 40 
399 41 
56 97 
140 43 
85 98 
447 67 
359 58 
76 79 
442 64 
29 12 
329 56 
360 10 
115 22 
75 3 
68 32 
37 72 
406 53 
368 92 
421 51 
489 72 
255 41 
101 21 
330 75 
422 65 
175 61 
167 81 
190 78 
342 93 
345 75 
159 73 
246 38 
405 28 
51 73 
132 20 
493 9 
6 27 
365 50 
237 87 
107 13 
446 3 
114 26 
42 8 
455 36 
397 97 
128 1 
453 9 
244 31 
14 18 
419 40 
464 61 
73 41 
233 15 
297 14 
238 73 
24 2 
30 43 
27 23 
169 67 
336 33 
98 85 
438 3 
427 13 
441 83 
282 99 
258 89 
87 57 
441 57 
132 57 
